<CHROM>	<START>	<END>	<TSB>
12	0	100144070	0
12	100144071	100159652	2
12	100159653	100199434	0
12	100199435	100209813	1
12	100209814	100300769	0
12	100300770	100520825	2
12	100520826	100548438	0
12	100548439	100725119	2
12	100725120	100779056	0
12	100779057	100875398	1
12	100875399	100876681	0
12	100876682	100908197	2
12	100908198	100911522	0
12	100911523	101029055	2
12	101029056	101039408	0
12	101039409	101083696	2
12	101083697	101404672	0
12	101404673	101626008	1
12	101626009	101645442	0
12	101645443	101718522	2
12	101718523	101746564	0
12	101746565	101819054	2
12	101819055	101834042	0
12	101834043	101913266	2
12	101913267	101918900	0
12	101918901	101958245	2
12	101958246	101975987	0
12	101975988	102006423	1
12	102006424	102128732	0
12	102128733	102267090	1
12	102267091	102283047	0
12	102283048	102390854	1
12	102390855	102394083	0
12	102394084	102439812	2
12	102439813	102469134	0
12	102469135	102497906	1
12	102497907	102554968	0
12	102554969	102565027	1
12	102565028	102568581	0
12	102568582	102704929	2
12	102704930	102719974	0
12	102719975	102743761	2
12	102743762	102747560	3
12	102747561	102757966	2
12	102757967	102758671	3
12	102758672	102777706	1
12	102777707	102780796	0
12	102780797	102878405	2
12	102878406	102899315	0
12	102899316	102900525	1
12	102900526	102948858	0
12	102948859	103184064	1
12	103184065	103196907	0
12	103196908	103242149	2
12	103242150	103310974	0
12	103310975	103317064	1
12	103317065	103321141	0
12	103321142	103356000	2
12	103356001	103388681	0
12	103388682	103406349	1
12	103406350	103406821	0
12	103406822	103407819	2
12	103407820	103407981	0
12	103407982	103425823	2
12	103425824	103434210	0
12	103434211	103440238	1
12	103440239	103442166	0
12	103442167	103443679	2
12	103443680	103450897	0
12	103450898	103457222	2
12	103457223	103532282	0
12	103532283	103613830	1
12	103613831	103614785	0
12	103614786	103631443	2
12	103631444	103646629	0
12	103646630	103657211	2
12	103657212	103668807	0
12	103668808	103676138	2
12	103676139	103688043	0
12	103688044	103695528	2
12	103695529	103728155	0
12	103728156	103830372	2
12	103830373	103853588	0
12	103853589	103863561	2
12	103863562	103894925	0
12	103894926	103904886	2
12	103904887	103946930	0
12	103946931	103958974	2
12	103958975	103980242	0
12	103980243	103989956	2
12	103989957	103994742	0
12	103994743	104013754	2
12	104013755	104028768	0
12	104028769	104044442	2
12	104044443	104101112	0
12	104101113	104106136	1
12	104106137	104112723	0
12	104112724	104121895	1
12	104121896	104127995	0
12	104127996	104139544	1
12	104139545	104146381	0
12	104146382	104153869	2
12	104153870	104214543	0
12	104214544	104221128	1
12	104221129	104236251	0
12	104236252	104241938	1
12	104241939	104263121	0
12	104263122	104269371	1
12	104269372	104314552	0
12	104314553	104320724	1
12	104320725	104338485	0
12	104338486	104394256	1
12	104394257	104406728	0
12	104406729	104414328	1
12	104414329	104471208	0
12	104471209	104473329	2
12	104473330	104687741	0
12	104687742	104751951	2
12	104751952	104763116	0
12	104763117	104865075	2
12	104865076	104929932	0
12	104929933	105009808	2
12	105009809	105032687	0
12	105032688	105042905	1
12	105042906	105146013	0
12	105146014	105155224	1
12	105155225	105159689	0
12	105159690	105166624	1
12	105166625	105176343	0
12	105176344	105181144	1
12	105181145	105191042	0
12	105191043	105195611	1
12	105195612	105201956	0
12	105201957	105206992	1
12	105206993	105216749	0
12	105216750	105222792	2
12	105222793	105336593	0
12	105336594	105383931	1
12	105383932	105453855	0
12	105453856	105493094	1
12	105493095	105563225	0
12	105563226	105595236	1
12	105595237	105603084	0
12	105603085	105605427	1
12	105605428	105616135	0
12	105616136	105684828	2
12	105684829	105685210	3
12	105685211	105703022	1
12	105703023	105705975	0
12	105705976	105782446	1
12	105782447	105784693	0
12	105784694	105838806	1
12	105838807	106010227	0
12	106010228	106077425	1
12	106077426	107488631	0
12	107488632	107489635	1
12	107489636	107910402	0
12	107910403	108003601	2
12	108003602	108106430	0
12	108106431	108179313	2
12	108179314	108179578	0
12	108179579	108203358	1
12	108203359	108203601	0
12	108203602	108275424	2
12	108275425	108306269	0
12	108306270	108330868	1
12	108330869	108334380	0
12	108334381	108362233	1
12	108362234	108410541	0
12	108410542	108539574	1
12	108539575	108554719	0
12	108554720	108678710	1
12	108678711	108688515	3
12	108688516	108702314	2
12	108702315	108792972	0
12	108792973	108820147	1
12	108820148	108825872	0
12	108825873	108835882	2
12	108835883	108851128	0
12	108851129	108856814	1
12	108856815	108860029	0
12	108860030	108893630	2
12	108893631	108894173	3
12	108894174	109028451	1
12	109028452	109032186	0
12	109032187	109068216	2
12	109068217	109452848	0
12	109452849	109463335	1
12	109463336	109589192	0
12	109589193	109600329	2
12	109600330	110279067	0
12	110279068	110281096	1
12	110281097	110447119	0
12	110447120	110583061	1
12	110583062	110601451	0
12	110601452	110666944	1
12	110666945	110667687	0
12	110667688	110682618	2
12	110682619	110690604	0
12	110690605	110702727	2
12	110702728	110737943	0
12	110737944	110804237	1
12	110804238	110807797	0
12	110807798	110840938	2
12	110840939	110850252	0
12	110850253	110869995	1
12	110869996	110872609	0
12	110872610	110889144	2
12	110889145	110889263	0
12	110889264	110972393	1
12	110972394	110975352	0
12	110975353	110979039	2
12	110979040	111039350	0
12	111039351	111115900	1
12	111115901	111159849	0
12	111159850	111166369	2
12	111166370	111184490	3
12	111184491	111267152	1
12	111267153	111271094	0
12	111271095	111276425	1
12	111276426	111292975	0
12	111292976	111377717	2
12	111377718	111406808	0
12	111406809	111412089	1
12	111412090	111417429	0
12	111417430	111431677	1
12	111431678	111442468	0
12	111442469	111455017	1
12	111455018	111484608	0
12	111484609	111485822	2
12	111485823	111538015	0
12	111538016	111546751	1
12	111546752	111574522	0
12	111574523	111656220	1
12	111656221	111669360	0
12	111669361	111672337	2
12	111672338	111678104	0
12	111678105	111683901	1
12	111683902	111709487	0
12	111709488	111713256	2
12	111713257	111713260	0
12	111713261	111755052	1
12	111755053	111758848	0
12	111758849	111803192	1
12	111803193	111806774	3
12	111806775	111807843	1
12	111807844	111813840	2
12	111813841	111814169	0
12	111814170	111828456	1
12	111828457	111832191	3
12	111832192	111908109	2
12	111908110	111961374	0
12	111961375	111966976	2
12	111966977	111971558	0
12	111971559	111979110	1
12	111979111	111981316	3
12	111981317	112068853	1
12	112068854	112106678	0
12	112106679	112127558	1
12	112127559	112146207	0
12	112146208	112181746	1
12	112181747	112489447	0
12	112489448	112499926	1
12	112499927	112500188	0
12	112500189	112516746	2
12	112516747	112588783	0
12	112588784	112615556	1
12	112615557	112620044	0
12	112620045	112641359	1
12	112641360	112644678	0
12	112644679	112649144	1
12	112649145	112653820	0
12	112653821	112674883	2
12	112674884	112678827	0
12	112678828	112682746	1
12	112682747	112720454	0
12	112720455	112746591	1
12	112746592	112760654	0
12	112760655	112768989	1
12	112768990	112772193	0
12	112772194	112802656	2
12	112802657	112808936	0
12	112808937	112816251	1
12	112816252	112820228	0
12	112820229	112829422	2
12	112829423	112850872	0
12	112850873	112868227	2
12	112868228	112907818	0
12	112907819	112929775	2
12	112929776	112934290	0
12	112934291	112942123	2
12	112942124	112960084	0
12	112960085	112976481	2
12	112976482	112978929	3
12	112978930	113000703	2
12	113000704	113014507	0
12	113014508	113074400	1
12	113074401	113074501	0
12	113074502	113088916	1
12	113088917	113098277	0
12	113098278	113137205	1
12	113137206	113140235	0
12	113140236	113145505	1
12	113145506	113148704	0
12	113148705	113153878	1
12	113153879	113156420	0
12	113156421	113164543	1
12	113164544	113185929	0
12	113185930	113189522	1
12	113189523	113489510	0
12	113489511	113492056	1
12	113492057	113543907	0
12	113543908	113546464	1
12	113546465	116047723	0
12	116047724	116063359	1
12	116063360	116077727	0
12	116077728	116146260	1
12	116146261	116207050	0
12	116207051	116263021	2
12	116263022	116275385	0
12	116275386	116275611	1
12	116275612	116281195	0
12	116281196	116391049	1
12	116391050	116405401	0
12	116405402	116461610	1
12	116461611	116485832	0
12	116485833	117276792	1
12	117276793	117516478	0
12	117516479	117759736	1
12	117759737	117843514	0
12	117843515	117877981	1
12	117877982	117878705	3
12	117878706	118199042	2
12	118199043	118234932	0
12	118234933	118301439	2
12	118301440	118846328	0
12	118846329	118852575	1
12	118852576	118867823	0
12	118867824	118966420	2
12	118966421	119158021	0
12	119158022	119238801	2
12	119238802	119314269	0
12	119314270	119469986	1
12	119469987	119945956	0
12	119945957	120021245	1
