<CHROM>	<START>	<END>	<TSB>
17	0	10403011	0
17	10403012	10840310	2
17	10840311	10840383	0
17	10840384	12063360	1
17	12063361	12118703	0
17	12118704	12219644	1
17	12219645	12227620	0
17	12227621	12318659	2
17	12318660	12378608	0
17	12378609	12419383	1
17	12419384	12419971	0
17	12419972	12507703	2
17	12507704	12584188	0
17	12584189	12628464	1
17	12628465	12648873	0
17	12648874	12675837	2
17	12675838	12682405	0
17	12682406	12769663	2
17	12769664	12841078	0
17	12841079	12868142	2
17	12868143	12876033	0
17	12876034	12877841	1
17	12877842	12888901	0
17	12888902	12909999	2
17	12910000	12911348	0
17	12911349	12916328	2
17	12916329	12916344	3
17	12916345	12923832	1
17	12923833	12924555	3
17	12924556	12925066	1
17	12925067	12940401	2
17	12940402	12942889	0
17	12942890	12960746	2
17	12960747	12966795	0
17	12966796	12992545	2
17	12992546	13007838	0
17	13007839	13018118	1
17	13018119	13051320	0
17	13051321	13052279	2
17	13052280	13061103	0
17	13061104	13082480	1
17	13082481	13108616	0
17	13108617	13131790	2
17	13131791	13221187	0
17	13221188	13227657	1
17	13227658	13230256	0
17	13230257	13237183	1
17	13237184	13354571	0
17	13354572	13377222	1
17	13377223	13712443	0
17	13712444	13760538	2
17	13760539	13761377	3
17	13761378	13761824	2
17	13761825	13906149	1
17	13906150	13948372	0
17	13948373	13950677	1
17	13950678	14000238	0
17	14000239	14001764	2
17	14001765	14195230	0
17	14195231	14203830	2
17	14203831	14279505	0
17	14279506	14404789	1
17	14404790	14665499	0
17	14665500	14694234	2
17	14694235	14818671	0
17	14818672	14943123	2
17	14943124	14943183	0
17	14943184	14945008	1
17	14945009	14945935	3
17	14945936	14961272	2
17	14961273	14964241	0
17	14964242	14978467	2
17	14978468	14978692	3
17	14978693	14978789	2
17	14978790	14990904	1
17	14990905	14995786	0
17	14995787	15010175	2
17	15010176	15022448	3
17	15022449	15041207	2
17	15041208	15041536	3
17	15041537	15064231	1
17	15064232	15367353	0
17	15367354	15376871	2
17	15376872	15396201	0
17	15396202	15433437	1
17	15433438	15475020	0
17	15475021	15499750	2
17	15499751	15499887	0
17	15499888	15519207	1
17	15519208	15527280	3
17	15527281	15528378	1
17	15528379	15543078	0
17	15543079	15564339	2
17	15564340	15704966	0
17	15704967	15772609	1
17	15772610	15803187	0
17	15803188	15831038	2
17	15831039	17064112	0
17	17064113	17089627	1
17	17089628	17121414	0
17	17121415	17146830	1
17	17146831	17374308	0
17	17374309	17394898	1
17	17394899	17402671	0
17	17402672	17459386	1
17	17459387	17521409	0
17	17521410	17625046	2
17	17625047	17703746	0
17	17703747	17735155	1
17	17735156	17827323	0
17	17827324	17839070	1
17	17839071	17843322	0
17	17843323	17855187	2
17	17855188	17876470	0
17	17876471	17883939	2
17	17883940	17887823	0
17	17887824	17971676	1
17	17971677	18021732	0
17	18021733	18022703	1
17	18022704	18049423	0
17	18049424	18079731	1
17	18079732	18085056	0
17	18085057	18136642	1
17	18136643	18151886	0
17	18151887	18188885	1
17	18188886	18240993	0
17	18240994	18277755	2
17	18277756	18298098	0
17	18298099	18331913	1
17	18331914	18424077	0
17	18424078	18460904	1
17	18460905	18573150	0
17	18573151	18616002	1
17	18616003	18810834	0
17	18810835	18838899	1
17	18838900	18914299	0
17	18914300	18958086	1
17	18958087	19053459	0
17	19053460	19082410	1
17	19082411	19361948	0
17	19361949	19401097	1
17	19401098	19504731	0
17	19504732	19535230	1
17	19535231	19577230	0
17	19577231	19612316	1
17	19612317	19660398	0
17	19660399	19694747	1
17	19694748	19773362	0
17	19773363	19812535	1
17	19812536	20029424	0
17	20029425	20048204	2
17	20048205	20113209	0
17	20113210	20114225	2
17	20114226	20182077	0
17	20182078	20183096	2
17	20183097	20208229	0
17	20208230	20234871	2
17	20234872	20267546	0
17	20267547	20285429	2
17	20285430	20345424	0
17	20345425	20375771	1
17	20375772	20419162	0
17	20419163	20420058	1
17	20420059	20462372	0
17	20462373	20481235	2
17	20481236	20502298	0
17	20502299	20503194	1
17	20503195	20540516	0
17	20540517	20564755	2
17	20564756	20570361	0
17	20570362	20571197	1
17	20571198	20573828	0
17	20573829	20596258	2
17	20596259	20623845	0
17	20623846	20624876	2
17	20624877	20687507	0
17	20687508	20688403	1
17	20688404	20776058	0
17	20776059	20777500	2
17	20777501	20814494	0
17	20814495	20815414	1
17	20815415	20846550	0
17	20846551	20847500	1
17	20847501	20889715	0
17	20889716	20890650	2
17	20890651	20913204	0
17	20913205	20914362	2
17	20914363	20945310	0
17	20945311	20965915	1
17	20965916	20993726	0
17	20993727	20994685	2
17	20994686	21008902	0
17	21008903	21043069	1
17	21043070	21228825	0
17	21228826	21229814	1
17	21229815	21260426	0
17	21260427	21262862	1
17	21262863	21286532	0
17	21286533	21287652	1
17	21287653	21313962	0
17	21313963	21314911	1
17	21314912	21383747	0
17	21383748	21399264	1
17	21399265	21423226	0
17	21423227	21435639	1
17	21435640	21450373	0
17	21450374	21465586	1
17	21465587	21491255	0
17	21491256	21509763	1
17	21509764	21555045	0
17	21555046	21562065	1
17	21562066	21567045	0
17	21567046	21588696	1
17	21588697	21657581	0
17	21657582	21662539	1
17	21662540	21690765	0
17	21690766	21691023	1
17	21691024	21691859	0
17	21691860	21692113	1
17	21692114	21707740	0
17	21707741	21725635	1
17	21725636	21730794	0
17	21730795	21769341	1
17	21769342	21816875	0
17	21816876	21845758	2
17	21845759	21879569	0
17	21879570	21909925	2
17	21909926	21926959	0
17	21926960	21962450	2
17	21962451	21962551	0
17	21962552	21994365	1
17	21994366	22006509	0
17	22006510	22007300	2
17	22007301	22144358	0
17	22144359	22166189	2
17	22166190	22197264	0
17	22197265	22225613	2
17	22225614	22337988	0
17	22337989	22361399	2
17	22361400	22361452	0
17	22361453	22377280	1
17	22377281	22424258	0
17	22424259	22456688	1
17	22456689	22547940	0
17	22547941	22573272	2
17	22573273	22601147	0
17	22601148	22619132	1
17	22619133	22689770	0
17	22689771	22689940	1
17	22689941	22739943	0
17	22739944	22751508	1
17	22751509	22846696	0
17	22846697	22867133	2
17	22867134	22943183	0
17	22943184	22958813	1
17	22958814	23061366	0
17	23061367	23077424	1
17	23077425	23173868	0
17	23173869	23193251	2
17	23193252	23290933	0
17	23290934	23312312	2
17	23312313	23343976	0
17	23343977	23360127	1
17	23360128	23384802	0
17	23384803	23401863	1
17	23401864	23459674	0
17	23459675	23479596	2
17	23479597	23556768	0
17	23556769	23564225	2
17	23564226	23575843	0
17	23575844	23599486	2
17	23599487	23600855	0
17	23600856	23611018	1
17	23611019	23629457	0
17	23629458	23645268	2
17	23645269	23660522	0
17	23660523	23668609	1
17	23668610	23668617	0
17	23668618	23673595	2
17	23673596	23673841	3
17	23673842	23673881	2
17	23673882	23675226	1
17	23675227	23675446	0
17	23675447	23677448	2
17	23677449	23679364	0
17	23679365	23682445	1
17	23682446	23682583	0
17	23682584	23684017	2
17	23684018	23704487	0
17	23704488	23722782	2
17	23722783	23726335	0
17	23726336	23736185	1
17	23736186	23736728	3
17	23736729	23740329	2
17	23740330	23741196	0
17	23741197	23745832	2
17	23745833	23752792	0
17	23752793	23771601	2
17	23771602	23776915	0
17	23776916	23786080	2
17	23786081	23790661	0
17	23790662	23824739	1
17	23824740	23824740	3
17	23824741	23829108	2
17	23829109	23833359	0
17	23833360	23835742	2
17	23835743	23836784	0
17	23836785	23844171	2
17	23844172	23853542	0
17	23853543	23859775	1
17	23859776	23868055	0
17	23868056	23873113	1
17	23873114	23880875	0
17	23880876	23900786	1
17	23900787	23917457	0
17	23917458	23919440	1
17	23919441	23941671	0
17	23941672	23945606	1
17	23945607	23953084	0
17	23953085	23954918	2
17	23954919	23972125	0
17	23972126	23975229	2
17	23975230	23993534	0
17	23993535	23998099	2
17	23998100	24023858	0
17	24023859	24024181	1
17	24024182	24038143	0
17	24038144	24045953	1
17	24045954	24047733	0
17	24047734	24073484	2
17	24073485	24073679	0
17	24073680	24150923	2
17	24150924	24155832	0
17	24155833	24163765	2
17	24163766	24163864	0
17	24163865	24209386	2
17	24209387	24215053	0
17	24215054	24220789	2
17	24220790	24223231	0
17	24223232	24251408	2
17	24251409	24264258	0
17	24264259	24351028	2
17	24351029	24352022	0
17	24352023	24410200	1
17	24410201	24414674	0
17	24414675	24425894	1
17	24425895	24426682	0
17	24426683	24439315	1
17	24439316	24440086	0
17	24440087	24443104	2
17	24443105	24443778	0
17	24443779	24455391	2
17	24455392	24470472	0
17	24470473	24471590	1
17	24471591	24473549	0
17	24473550	24473883	2
17	24473884	24475468	3
17	24475469	24479077	2
17	24479078	24488782	0
17	24488783	24508561	1
17	24508562	24508904	3
17	24508905	24534209	2
17	24534210	24549833	0
17	24549834	24595815	1
17	24595816	24596507	3
17	24596508	24632629	2
17	24632630	24632681	0
17	24632682	24638837	1
17	24638838	24639281	0
17	24639282	24650304	2
17	24650305	24657329	0
17	24657330	24658456	2
17	24658457	24669751	0
17	24669752	24682014	1
17	24682015	24685091	0
17	24685092	24689954	2
17	24689955	24693190	0
17	24693191	24696155	2
17	24696156	24696233	0
17	24696234	24697948	1
17	24697949	24700528	3
17	24700529	24707659	2
17	24707660	24715838	0
17	24715839	24718056	2
17	24718057	24718115	0
17	24718116	24721928	1
17	24721929	24722059	0
17	24722060	24724477	2
17	24724478	24727819	0
17	24727820	24736142	1
17	24736143	24736641	0
17	24736642	24742777	1
17	24742778	24753002	0
17	24753003	24758682	1
17	24758683	24804381	0
17	24804382	24839786	1
17	24839787	24840142	0
17	24840143	24848895	1
17	24848896	24850301	3
17	24850302	24864449	1
17	24864450	24878769	0
17	24878770	24882007	1
17	24882008	24882610	0
17	24882611	24886349	2
17	24886350	24886642	0
17	24886643	24888485	1
17	24888486	24892148	3
17	24892149	24895086	2
17	24895087	24895115	0
17	24895116	24896288	1
17	24896289	24896499	0
17	24896500	24897505	1
17	24897506	24897521	3
17	24897522	24936976	2
17	24936977	24942155	0
17	24942156	24960635	2
17	24960636	24961227	0
17	24961228	25015229	2
17	25015230	25016090	0
17	25016091	25057701	1
17	25057702	25081180	3
17	25081181	25099486	1
17	25099487	25099569	0
17	25099570	25115966	2
17	25115967	25120759	0
17	25120760	25125267	1
17	25125268	25133390	0
17	25133391	25162103	1
17	25162104	25162460	0
17	25162461	25171912	1
17	25171913	25172896	0
17	25172897	25175470	2
17	25175471	25184560	0
17	25184561	25187660	1
17	25187661	25188396	0
17	25188397	25233330	1
17	25233331	25234442	3
17	25234443	25240123	2
17	25240124	25240169	0
17	25240170	25242658	1
17	25242659	25242797	3
17	25242798	25256363	2
17	25256364	25261915	0
17	25261916	25274621	2
17	25274622	25298393	0
17	25298394	25300160	1
17	25300161	25308645	0
17	25308646	25311875	1
17	25311876	25318653	0
17	25318654	25322680	1
17	25322681	25343244	0
17	25343245	25345526	2
17	25345527	25366549	0
17	25366550	25368093	1
17	25368094	25369272	0
17	25369273	25374284	1
17	25374285	25374439	3
17	25374440	25374441	1
17	25374442	25433782	2
17	25433783	25471589	0
17	25471590	25476593	1
17	25476594	25489874	0
17	25489875	25497287	2
17	25497288	25565891	0
17	25565892	25570685	2
17	25570686	25579173	0
17	25579174	25662825	1
17	25662826	25717170	0
17	25717171	25718925	1
17	25718926	25719405	3
17	25719406	25727418	2
17	25727419	25727750	0
17	25727751	25731455	1
17	25731456	25736039	0
17	25736040	25748329	1
17	25748330	25748613	0
17	25748614	25754326	2
17	25754327	25773775	0
17	25773776	25779842	1
17	25779843	25782790	3
17	25782791	25782822	1
17	25782823	25783331	3
17	25783332	25785672	2
17	25785673	25786579	0
17	25786580	25790507	1
17	25790508	25790512	3
17	25790513	25792283	2
17	25792284	25794570	0
17	25794571	25797135	2
17	25797136	25809084	0
17	25809085	25821243	1
17	25821244	25823626	0
17	25823627	25828729	1
17	25828730	25828866	0
17	25828867	25830635	1
17	25830636	25831839	3
17	25831840	25831841	1
17	25831842	25833360	2
17	25833361	25834464	0
17	25834465	25837294	2
17	25837295	25838456	0
17	25838457	25861500	2
17	25861501	25863697	0
17	25863698	25868737	2
17	25868738	25875499	0
17	25875500	25877629	1
17	25877630	25880304	3
17	25880305	25882113	1
17	25882114	25886006	3
17	25886007	25919726	2
17	25919727	25926420	0
17	25926421	25944931	2
17	25944932	25946386	0
17	25946387	25951471	2
17	25951472	25952564	3
17	25952565	25958366	1
17	25958367	25963609	3
17	25963610	25985795	2
17	25985796	25989035	0
17	25989036	26069408	2
17	26069409	26081210	0
17	26081211	26090299	2
17	26090300	26091733	0
17	26091734	26095507	2
17	26095508	26098871	0
17	26098872	26099256	2
17	26099257	26113315	0
17	26113316	26123253	1
17	26123254	26123519	0
17	26123520	26126612	1
17	26126613	26138687	0
17	26138688	26195810	1
17	26195811	26195998	0
17	26195999	26199086	2
17	26199087	26199182	0
17	26199183	26201368	2
17	26201369	26202957	0
17	26202958	26211323	1
17	26211324	26211821	0
17	26211822	26244222	2
17	26244223	26252909	0
17	26252910	26285503	1
17	26285504	26414828	0
17	26414829	26446348	1
17	26446349	26505589	0
17	26505590	26508518	2
17	26508519	26542759	0
17	26542760	26543714	1
17	26543715	26561488	0
17	26561489	26656930	1
17	26656931	26676395	0
17	26676396	26699643	1
17	26699644	26715649	0
17	26715650	26776634	1
17	26776635	26781078	0
17	26781079	26792520	1
17	26792521	26838663	0
17	26838664	26841564	2
17	26841565	26917090	0
17	26917091	26932578	1
17	26932579	26933126	0
17	26933127	26937889	1
17	26937890	26937972	0
17	26937973	26939477	2
17	26939478	26941252	0
17	26941253	26972433	1
17	26972434	26973166	0
17	26973167	27019809	1
17	27019810	27029008	3
17	27029009	27036377	1
17	27036378	27057303	0
17	27057304	27122222	1
17	27122223	27122662	0
17	27122663	27133915	2
17	27133916	27143968	0
17	27143969	27167763	2
17	27167764	27189600	0
17	27189601	27204437	2
17	27204438	27422386	0
17	27422387	27521402	2
17	27521403	27556496	0
17	27556497	27563572	1
17	27563573	27563673	3
17	27563674	27565755	2
17	27565756	27579381	0
17	27579382	27623494	2
17	27623495	27630417	0
17	27630418	27636668	2
17	27636669	27655508	0
17	27655509	27711481	1
17	27711482	27714351	0
17	27714352	27728950	2
17	27728951	27751231	0
17	27751232	27820557	2
17	27820558	27839973	0
17	27839974	27851963	1
17	27851964	27856489	0
17	27856490	27900039	1
17	27900040	27901121	0
17	27901122	27909241	2
17	27909242	27909339	0
17	27909340	28062599	1
17	28062600	28066746	0
17	28066747	28080638	2
17	28080639	28142315	0
17	28142316	28174851	1
17	28174852	28177338	0
17	28177339	28205885	1
17	28205886	28207777	0
17	28207778	28228607	1
17	28228608	28232753	0
17	28232754	28301468	1
17	28301469	28313529	0
17	28313530	28326567	1
17	28326568	28328470	0
17	28328471	28331031	1
17	28331032	28331670	0
17	28331671	28350804	2
17	28350805	28351514	0
17	28351515	28365181	2
17	28365182	28399094	0
17	28399095	28517523	2
17	28517524	28530859	0
17	28530860	28538953	1
17	28538954	28549488	0
17	28549489	28552617	1
17	28552618	28558209	0
17	28558210	28560765	2
17	28560766	28575717	0
17	28575718	28583592	1
17	28583593	28587647	0
17	28587648	28622520	2
17	28622521	28637782	0
17	28637783	28689986	2
17	28689987	28691341	0
17	28691342	28748403	1
17	28748404	28769306	0
17	28769307	28778697	1
17	28778698	28801089	0
17	28801090	28838545	1
17	28838546	28858410	0
17	28858411	28890307	1
17	28890308	28896391	0
17	28896392	28915323	2
17	28915324	28934290	0
17	28934291	28942261	2
17	28942262	28951949	0
17	28951950	28969548	1
17	28969549	28970884	0
17	28970885	29007936	2
17	29007937	29032672	0
17	29032673	29043365	1
17	29043366	29090978	0
17	29090979	29100721	1
17	29100722	29135055	0
17	29135056	29148979	1
17	29148980	29156549	0
17	29156550	29237796	2
17	29237797	29250802	0
17	29250803	29264157	2
17	29264158	29268787	0
17	29268788	29302880	1
17	29302881	29318881	0
17	29318882	29329412	1
17	29329413	29332071	0
17	29332072	29347903	2
17	29347904	29360941	0
17	29360942	29379552	1
17	29379553	29490811	0
17	29490812	29496110	1
17	29496111	29519280	0
17	29519281	29519789	2
17	29519790	29526032	0
17	29526033	29549592	2
17	29549593	29549787	0
17	29549788	29606894	1
17	29606895	29614789	0
17	29614790	29641663	1
17	29641664	29660594	0
17	29660595	29698320	1
17	29698321	29705978	3
17	29705979	29717011	2
17	29717012	29827955	0
17	29827956	29970086	2
17	29970087	30005086	0
17	30005087	30210019	1
17	30210020	30215523	0
17	30215524	30576286	2
17	30576287	30592865	0
17	30592866	30612658	2
17	30612659	30624353	0
17	30624354	30875263	1
17	30875264	30901866	0
17	30901867	30936509	1
17	30936510	30954678	0
17	30954679	31010707	1
17	31010708	31057697	0
17	31057698	31115776	1
17	31115777	31125305	0
17	31125306	31129645	2
17	31129646	31141048	0
17	31141049	31144281	2
17	31144282	31161395	0
17	31161396	31165052	2
17	31165053	31179271	0
17	31179272	31198974	2
17	31198975	31207872	0
17	31207873	31242201	1
17	31242202	31255018	0
17	31255019	31277355	2
17	31277356	31295482	0
17	31295483	31350695	1
17	31350696	31386233	0
17	31386234	31476309	1
17	31476310	31494322	0
17	31494323	31519964	2
17	31519965	31520114	0
17	31520115	31531325	1
17	31531326	31564748	0
17	31564749	31607683	1
17	31607684	31612622	0
17	31612623	31637198	2
17	31637199	31647081	0
17	31647082	31658753	2
17	31658754	31677932	0
17	31677933	31681723	1
17	31681724	31844247	0
17	31844248	31855791	2
17	31855792	31944768	0
17	31944769	32034507	2
17	32034508	32036099	0
17	32036100	32062864	1
17	32062865	32120819	0
17	32120820	32166879	2
17	32166880	32183769	0
17	32183770	32189548	2
17	32189549	32196273	0
17	32196274	32284721	2
17	32284722	32303675	0
17	32303676	32321152	2
17	32321153	32321424	0
17	32321425	32350580	2
17	32350581	32354056	0
17	32354057	32389115	2
17	32389116	32390658	0
17	32390659	32403582	2
17	32403583	32413099	0
17	32413100	32424166	2
17	32424167	32468461	0
17	32468462	32492478	1
17	32492479	32506461	0
17	32506462	32528893	1
17	32528894	32536557	0
17	32536558	32551797	1
17	32551798	32621318	0
17	32621319	32636183	1
17	32636184	32659409	0
17	32659410	32676686	1
17	32676687	32685626	0
17	32685627	32703351	1
17	32703352	32771235	0
17	32771236	32788286	2
17	32788287	32795675	0
17	32795676	32809852	2
17	32809853	32815448	0
17	32815449	32830260	2
17	32830261	32879218	0
17	32879219	32891526	2
17	32891527	32905070	0
17	32905071	32917341	2
17	32917342	32924687	0
17	32924688	32947401	2
17	32947402	32965813	0
17	32965814	32979232	1
17	32979233	32993196	0
17	32993197	33005456	1
17	33005457	33016862	0
17	33016863	33033401	2
17	33033402	33064142	0
17	33064143	33068057	2
17	33068058	33089309	0
17	33089310	33106202	1
17	33106203	33135587	0
17	33135588	33139682	2
17	33139683	33168446	0
17	33168447	33180752	1
17	33180753	33191301	0
17	33191302	33202505	1
17	33202506	33211205	0
17	33211206	33221689	2
17	33221690	33241518	0
17	33241519	33255039	2
17	33255040	33264675	0
17	33264676	33275643	1
17	33275644	33289648	0
17	33289649	33303195	1
17	33303196	33329341	0
17	33329342	33358877	2
17	33358878	33380178	0
17	33380179	33394640	2
17	33394641	33432895	0
17	33432896	33434267	1
17	33434268	33524203	0
17	33524204	33553767	1
17	33553768	33555718	0
17	33555719	33607761	1
17	33607762	33629089	0
17	33629090	33631778	1
17	33631779	33638055	0
17	33638056	33645705	1
17	33645706	33646232	0
17	33646233	33718656	2
17	33718657	33742483	0
17	33742484	33760529	2
17	33760530	33773749	0
17	33773750	33781574	2
17	33781575	33810519	0
17	33810520	33819026	1
17	33819027	33822917	3
17	33822918	33824561	2
17	33824562	33824590	0
17	33824591	33838315	1
17	33838316	33843090	0
17	33843091	33849773	1
17	33849774	33873836	0
17	33873837	33874081	1
17	33874082	33875665	0
17	33875666	33890660	2
17	33890661	33905134	0
17	33905135	33906674	1
17	33906675	33909413	0
17	33909414	33915588	1
17	33915589	33915898	0
17	33915899	33929287	1
17	33929288	33929581	0
17	33929582	33937686	1
17	33937687	33938820	0
17	33938821	33940342	2
17	33940343	33940659	0
17	33940660	33949694	1
17	33949695	33949908	0
17	33949909	33951476	2
17	33951477	33951998	0
17	33951999	33955716	2
17	33955717	33955811	0
17	33955812	33966983	1
17	33966984	33996016	0
17	33996017	34000332	2
17	34000333	34020791	0
17	34020792	34024679	2
17	34024680	34026032	0
17	34026033	34028059	2
17	34028060	34028266	0
17	34028267	34031689	2
17	34031690	34031811	0
17	34031812	34038392	1
17	34038393	34039436	0
17	34039437	34066684	1
17	34066685	34092339	0
17	34092340	34095233	1
17	34095234	34112022	0
17	34112023	34122316	2
17	34122317	34135181	0
17	34135182	34139100	1
17	34139101	34145270	0
17	34145271	34151552	1
17	34151553	34153071	0
17	34153072	34160229	1
17	34160230	34181987	0
17	34181988	34187552	2
17	34187553	34187763	3
17	34187764	34197224	1
17	34197225	34197720	0
17	34197721	34201453	1
17	34201454	34203526	0
17	34203527	34211311	1
17	34211312	34214458	3
17	34214459	34216320	1
17	34216321	34238902	0
17	34238903	34245906	1
17	34245907	34263208	0
17	34263209	34269417	1
17	34269418	34282743	0
17	34282744	34287826	2
17	34287827	34305876	0
17	34305877	34316198	1
17	34316199	34325664	0
17	34325665	34340228	1
17	34340229	34354821	0
17	34354822	34369492	1
17	34369493	34377131	0
17	34377132	34385775	1
17	34385776	34398819	0
17	34398820	34460733	1
17	34460734	34469041	0
17	34469042	34475936	2
17	34475937	34507934	0
17	34507935	34517351	2
17	34517352	34564267	0
17	34564268	34588502	1
17	34588503	34589805	0
17	34589806	34597399	1
17	34597400	34597861	0
17	34597862	34600935	1
17	34600936	34601090	0
17	34601091	34603689	2
17	34603690	34604261	0
17	34604262	34613349	1
17	34613350	34613448	3
17	34613449	34615970	2
17	34615971	34616661	0
17	34616662	34628509	2
17	34628510	34629532	0
17	34629533	34633125	1
17	34633126	34644763	0
17	34644764	34646323	1
17	34646324	34647145	0
17	34647146	34655073	1
17	34655074	34670534	0
17	34670535	34719814	1
17	34719815	34728379	0
17	34728380	34743881	2
17	34743882	34801347	0
17	34801348	34804560	2
17	34804561	34823992	0
17	34823993	34836944	2
17	34836945	34837018	0
17	34837019	34839232	1
17	34839233	34839243	0
17	34839244	34850209	2
17	34850210	34850390	0
17	34850391	34856371	1
17	34856372	34856373	0
17	34856374	34879482	2
17	34879483	34882041	3
17	34882042	34894558	2
17	34894559	34895546	3
17	34895547	34896866	1
17	34896867	34898468	0
17	34898469	34914050	1
17	34914051	34914469	0
17	34914470	34930435	1
17	34930436	34931252	0
17	34931253	34935920	1
17	34935921	34956435	0
17	34956436	34959237	2
17	34959238	34969189	0
17	34969190	34969911	2
17	34969912	34972135	3
17	34972136	34972155	2
17	34972156	34972702	0
17	34972703	34979284	1
17	34979285	34981879	0
17	34981880	34985890	1
17	34985891	35000986	0
17	35000987	35016321	1
17	35016322	35016578	0
17	35016579	35025976	1
17	35025977	35026740	3
17	35026741	35028015	2
17	35028016	35028604	0
17	35028605	35046725	2
17	35046726	35049965	0
17	35049966	35058748	1
17	35058749	35059034	0
17	35059035	35062094	1
17	35062095	35062692	0
17	35062693	35065387	2
17	35065388	35066183	3
17	35066184	35070049	1
17	35070050	35071442	0
17	35071443	35074499	2
17	35074500	35076901	0
17	35076902	35078803	1
17	35078804	35080479	0
17	35080480	35085609	2
17	35085610	35089290	0
17	35089291	35102986	1
17	35102987	35108278	0
17	35108279	35111990	1
17	35111991	35113947	0
17	35113948	35115427	2
17	35115428	35116195	0
17	35116196	35121454	2
17	35121455	35122052	3
17	35122053	35124813	1
17	35124814	35126385	0
17	35126386	35128854	1
17	35128855	35128996	0
17	35128997	35132049	2
17	35132050	35135177	0
17	35135178	35147321	1
17	35147322	35149075	0
17	35149076	35164896	2
17	35164897	35170990	0
17	35170991	35176000	2
17	35176001	35185094	0
17	35185095	35188438	2
17	35188439	35194438	0
17	35194439	35196319	1
17	35196320	35199380	0
17	35199381	35202006	2
17	35202007	35203164	0
17	35203165	35205350	2
17	35205351	35220174	0
17	35220175	35220833	2
17	35220834	35224133	3
17	35224134	35235087	2
17	35235088	35235791	3
17	35235792	35238766	1
17	35238767	35241745	0
17	35241746	35253706	1
17	35253707	35262729	0
17	35262730	35267498	1
17	35267499	35320546	0
17	35320547	35325098	1
17	35325099	35342241	0
17	35342242	35346761	1
17	35346762	35379616	0
17	35379617	35384673	1
17	35384674	35424849	0
17	35424850	35430054	1
17	35430055	35439154	0
17	35439155	35443772	1
17	35443773	35470088	0
17	35470089	35474562	1
17	35474563	35506017	0
17	35506018	35510771	1
17	35510772	35512733	0
17	35512734	35516823	2
17	35516824	35517099	0
17	35517100	35531014	1
17	35531015	35533200	0
17	35533201	35534646	1
17	35534647	35552127	0
17	35552128	35557179	1
17	35557180	35567449	0
17	35567450	35568951	1
17	35568952	35601548	0
17	35601549	35617922	1
17	35617923	35626636	3
17	35626637	35635751	1
17	35635752	35643694	3
17	35643695	35650570	1
17	35650571	35655633	0
17	35655634	35667591	2
17	35667592	35667729	0
17	35667730	35673738	2
17	35673739	35681566	0
17	35681567	35704620	2
17	35704621	35821683	0
17	35821684	35822922	1
17	35822923	35823229	0
17	35823230	35832790	1
17	35832791	35833920	0
17	35833921	35838305	2
17	35838306	35841514	0
17	35841515	35859669	1
17	35859670	35861317	0
17	35861318	35865401	1
17	35865402	35865592	0
17	35865593	35875595	1
17	35875596	35879818	0
17	35879819	35892669	1
17	35892670	35892676	0
17	35892677	35897430	2
17	35897431	35897594	0
17	35897595	35910074	2
17	35910075	35910378	0
17	35910379	35916388	2
17	35916389	35916565	0
17	35916566	35932282	1
17	35932283	35956818	0
17	35956819	35969760	2
17	35969761	35972540	0
17	35972541	35979850	2
17	35979851	35980235	3
17	35980236	35989461	1
17	35989462	36005694	0
17	36005695	36020559	2
17	36020560	36029975	0
17	36029976	36032854	2
17	36032855	36038406	0
17	36038407	36042746	2
17	36042747	36042960	0
17	36042961	36055815	1
17	36055816	36058370	3
17	36058371	36058644	1
17	36058645	36109718	0
17	36109719	36121677	2
17	36121678	36129424	3
17	36129425	36129691	1
17	36129692	36164442	0
17	36164443	36168536	2
17	36168537	36185571	0
17	36185572	36190286	2
17	36190287	36255666	0
17	36255667	36258068	2
17	36258069	36258872	0
17	36258873	36272003	2
17	36272004	36284226	0
17	36284227	36286489	2
17	36286490	36322857	0
17	36322858	36326154	2
17	36326155	36365002	0
17	36365003	36368416	2
17	36368417	36458916	0
17	36458917	36462333	2
17	36462334	36547074	0
17	36547075	36549249	1
17	36549250	36639284	0
17	36639285	36642665	2
17	36642666	36670007	0
17	36670008	36672218	2
17	36672219	36772909	0
17	36772910	36776233	1
17	36776234	36812170	0
17	36812171	36815563	1
17	36815564	36837140	0
17	36837141	36859397	1
17	36859398	36860690	0
17	36860691	36867209	2
17	36867210	36869573	0
17	36869574	36877832	1
17	36877833	36881597	0
17	36881598	36890044	2
17	36890045	36898117	0
17	36898118	36910213	1
17	36910214	36942917	0
17	36942918	36947985	1
17	36947986	36948355	0
17	36948356	36951740	2
17	36951741	36954355	0
17	36954356	36958532	2
17	36958533	36958591	0
17	36958592	36965624	1
17	36965625	36977700	0
17	36977701	36981236	2
17	36981237	36986854	0
17	36986855	36989503	2
17	36989504	37001162	0
17	37001163	37010634	1
17	37010635	37010742	0
17	37010743	37023397	2
17	37023398	37045965	0
17	37045966	37075066	1
17	37075067	37083870	0
17	37083871	37088498	2
17	37088499	37090617	0
17	37090618	37098277	2
17	37098278	37110511	0
17	37110512	37120087	2
17	37120088	37149695	0
17	37149696	37161493	2
17	37161494	37193891	0
17	37193892	37196094	1
17	37196095	37196424	0
17	37196425	37200993	2
17	37200994	37207949	0
17	37207950	37213117	2
17	37213118	37220145	0
17	37220146	37226672	1
17	37226673	37230962	0
17	37230963	37237329	2
17	37237330	37262710	0
17	37262711	37263748	2
17	37263749	37270219	0
17	37270220	37274483	1
17	37274484	37279042	0
17	37279043	37283459	2
17	37283460	37297555	0
17	37297556	37304312	2
17	37304313	37311794	0
17	37311795	37317053	2
17	37317054	37334302	0
17	37334303	37339697	2
17	37339698	37359581	0
17	37359582	37363992	1
17	37363993	37379032	0
17	37379033	37386207	1
17	37386208	37390392	0
17	37390393	37396251	1
17	37396252	37399225	0
17	37399226	37407476	1
17	37407477	37445479	0
17	37445480	37446516	1
17	37446517	37458915	0
17	37458916	37471589	1
17	37471590	37480850	0
17	37480851	37483551	2
17	37483552	37492467	0
17	37492468	37500206	1
17	37500207	37508029	0
17	37508030	37532448	1
17	37532449	37561667	0
17	37561668	37569450	2
17	37569451	37573876	0
17	37573877	37577662	2
17	37577663	37589232	0
17	37589233	37592742	2
17	37592743	37608939	0
17	37608940	37627198	2
17	37627199	37657599	0
17	37657600	37663781	2
17	37663782	37666987	0
17	37666988	37673475	1
17	37673476	37696563	0
17	37696564	37702123	1
17	37702124	37721807	0
17	37721808	37727219	1
17	37727220	37748854	0
17	37748855	37753168	1
17	37753169	37768606	0
17	37768607	37773748	1
17	37773749	37793528	0
17	37793529	37798133	1
17	37798134	37799887	0
17	37799888	37808616	1
17	37808617	37832948	0
17	37832949	37838489	1
17	37838490	37847482	0
17	37847483	37852056	1
17	37852057	37900436	0
17	37900437	37906794	1
17	37906795	37920547	0
17	37920548	37926800	1
17	37926801	37952050	0
17	37952051	37953078	2
17	37953079	38050856	0
17	38050857	38060078	2
17	38060079	38063920	0
17	38063921	38072789	1
17	38072790	38081623	0
17	38081624	38088692	2
17	38088693	38129862	0
17	38129863	38134525	2
17	38134526	38145280	0
17	38145281	38151268	1
17	38151269	38171387	0
17	38171388	38176577	1
17	38176578	38204334	0
17	38204335	38210914	1
17	38210915	38261034	0
17	38261035	38276409	1
17	38276410	38303526	0
17	38303527	38307569	2
17	38307570	38329830	0
17	38329831	38336642	1
17	38336643	38416473	0
17	38416474	38420184	2
17	38420185	38554191	0
17	38554192	38560620	1
17	38560621	38639446	0
17	38639447	38645649	1
17	38645650	39038284	0
17	39038285	39040116	1
17	39040117	39042633	0
17	39042634	39043340	2
17	39043341	39073690	0
17	39073691	39077036	2
17	39077037	39406358	0
17	39406359	39410991	1
17	39410992	39536141	0
17	39536142	39540846	1
17	39540847	39640956	0
17	39640957	39645665	1
17	39645666	39953352	0
17	39953353	39955243	1
17	39955244	40207017	0
17	40207018	40208608	2
17	40208609	40221776	0
17	40221777	40242287	2
17	40242288	40293757	0
17	40293758	40319206	2
17	40319207	40520021	0
17	40520022	40530701	1
17	40530702	40561506	0
17	40561507	40579548	1
17	40579549	40598593	0
17	40598594	40602617	1
17	40602618	40632074	0
17	40632075	40637059	1
17	40637060	40727119	0
17	40727120	40731781	1
17	40731782	40764733	0
17	40764734	40794145	2
17	40794146	40811125	0
17	40811126	40840753	1
17	40840754	40875481	0
17	40875482	40880557	2
17	40880558	40904740	0
17	40904741	40914349	2
17	40914350	40923050	0
17	40923051	40934684	2
17	40934685	40935046	3
17	40935047	40961988	1
17	40961989	42315946	0
17	42315947	42507740	1
17	42507741	42556782	0
17	42556783	42611312	2
17	42611313	42656890	0
17	42656891	42692283	2
17	42692284	42708935	0
17	42708936	42742178	2
17	42742179	42792950	0
17	42792951	42876423	2
17	42876424	43016554	0
17	43016555	43089187	1
17	43089188	43270328	0
17	43270329	43324736	1
17	43324737	43360450	0
17	43360451	43459556	1
17	43459557	43474323	0
17	43474324	43502811	2
17	43502812	43534173	0
17	43534174	43543638	2
17	43543639	43568097	0
17	43568098	43612200	1
17	43612201	43615334	0
17	43615335	43630298	2
17	43630299	43641899	0
17	43641900	43667014	2
17	43667015	43667424	0
17	43667425	43751430	1
17	43751431	43801350	0
17	43801351	44039515	1
17	44039516	44078812	0
17	44078813	44086566	1
17	44086567	44096307	0
17	44096308	44105808	2
17	44105809	44188571	0
17	44188572	44280167	1
17	44280168	44604000	0
17	44604001	44777151	2
17	44777152	44814796	3
17	44814797	45119289	1
17	45119290	45391891	0
17	45391892	45433706	2
17	45433707	45448936	0
17	45448937	45474937	2
17	45474938	45506840	0
17	45506841	45520841	1
17	45520842	45523433	0
17	45523434	45541939	1
17	45541940	45542678	3
17	45542679	45549676	2
17	45549677	45555715	0
17	45555716	45563168	1
17	45563169	45563873	0
17	45563874	45567670	1
17	45567671	45567774	0
17	45567775	45573270	2
17	45573271	45585199	0
17	45585200	45599605	2
17	45599606	45600970	0
17	45600971	45602101	2
17	45602102	45630203	0
17	45630204	45659324	2
17	45659325	45660170	0
17	45660171	45686321	2
17	45686322	45686904	3
17	45686905	45698494	1
17	45698495	45732863	0
17	45732864	45733843	2
17	45733844	46016992	0
17	46016993	46032368	2
17	46032369	46110985	0
17	46110986	46122034	1
17	46122035	46128909	3
17	46128910	46144215	2
17	46144216	46147389	0
17	46147390	46153552	2
17	46153553	46161031	0
17	46161032	46169369	1
17	46169370	46172003	0
17	46172004	46202624	2
17	46202625	46202854	0
17	46202855	46242298	1
17	46242299	46243919	0
17	46243920	46248053	2
17	46248054	46248079	0
17	46248080	46252536	1
17	46252537	46254164	0
17	46254165	46257315	1
17	46257316	46257850	0
17	46257851	46283025	2
17	46283026	46297420	0
17	46297421	46303220	1
17	46303221	46303270	3
17	46303271	46328022	2
17	46328023	46383730	0
17	46383731	46420919	1
17	46420920	46428925	0
17	46428926	46431775	1
17	46431776	46432184	0
17	46432185	46438476	2
17	46438477	46439577	0
17	46439578	46440098	2
17	46440099	46442447	0
17	46442448	46487674	2
17	46487675	46496788	0
17	46496789	46499617	1
17	46499618	46500604	0
17	46500605	46546387	2
17	46546388	46546838	0
17	46546839	46556161	2
17	46556162	46564450	0
17	46564451	46629503	2
17	46629504	46630630	0
17	46630631	46645143	2
17	46645144	46646228	0
17	46646229	46650138	1
17	46650139	46650336	0
17	46650337	46664363	1
17	46664364	46667457	0
17	46667458	46674254	2
17	46674255	46674549	0
17	46674550	46680929	2
17	46680930	46681136	0
17	46681137	46682990	1
17	46682991	46683104	3
17	46683105	46705001	2
17	46705002	46711462	0
17	46711463	46725540	1
17	46725541	46725663	0
17	46725664	46729167	2
17	46729168	46735704	0
17	46735705	46752213	2
17	46752214	46755662	0
17	46755663	46763711	2
17	46763712	46772634	0
17	46772635	46773406	1
17	46773407	46773906	0
17	46773907	46782655	2
17	46782656	46798115	0
17	46798116	46831412	2
17	46831413	46890683	0
17	46890684	46891846	1
17	46891847	46910458	0
17	46910459	46924932	1
17	46924933	46928294	0
17	46928295	47010531	2
17	47010532	47016695	0
17	47016696	47016955	2
17	47016956	47368886	0
17	47368887	47378680	1
17	47378681	47385392	0
17	47385393	47392966	1
17	47392967	47394559	0
17	47394560	47400583	2
17	47400584	47410362	0
17	47410363	47410739	1
17	47410740	47412733	0
17	47412734	47436614	2
17	47436615	47437374	3
17	47437375	47470637	1
17	47470638	47488049	0
17	47488050	47502286	2
17	47502287	47505050	0
17	47505051	47599330	1
17	47599331	47599682	3
17	47599683	47599690	1
17	47599691	47611491	2
17	47611492	47611581	0
17	47611582	47624417	1
17	47624418	47630689	0
17	47630690	47686645	1
17	47686646	47686737	3
17	47686738	47688182	2
17	47688183	47688516	0
17	47688517	47689029	2
17	47689030	47691475	3
17	47691476	47692465	2
17	47692466	47704285	1
17	47704286	47726841	0
17	47726842	47734481	1
17	47734482	47737029	0
17	47737030	47792418	1
17	47792419	47815327	0
17	47815328	47834690	2
17	47834691	47867132	0
17	47867133	47924644	2
17	47924645	48036744	0
17	48036745	48038292	2
17	48038293	48089631	0
17	48089632	48090919	1
17	48090920	48125604	0
17	48125605	48146306	2
17	48146307	48151895	0
17	48151896	48167269	2
17	48167270	48232767	0
17	48232768	48246923	1
17	48246924	48247776	0
17	48247777	48258840	1
17	48258841	48264294	0
17	48264295	48275359	1
17	48275360	48300037	0
17	48300038	48312533	1
17	48312534	48316140	0
17	48316141	48327023	1
17	48327024	48346400	0
17	48346401	48352272	1
17	48352273	48359915	0
17	48359916	48367175	1
17	48367176	48386884	0
17	48386885	48409905	2
17	48409906	48410013	0
17	48410014	48417265	1
17	48417266	48419230	0
17	48419231	48432727	2
17	48432728	48448434	0
17	48448435	48451521	2
17	48451522	48454900	0
17	48454901	48468685	1
17	48468686	48932378	0
17	48932379	49097587	1
17	49097588	49428361	0
17	49428362	49455434	1
17	49455435	49458426	0
17	49458427	49564342	2
17	49564343	49615171	0
17	49615172	49909846	1
17	49909847	49992256	0
17	49992257	50190673	2
17	50190674	50279393	0
17	50279394	50293598	2
17	50293599	50509546	0
17	50509547	50688492	1
17	50688493	50698524	0
17	50698525	50699879	1
17	50699880	50733123	0
17	50733124	51179310	2
17	51179311	51736186	0
17	51736187	51833289	2
17	51833290	52602708	0
17	52602709	52979193	1
17	52979194	53398888	0
17	53398889	53463320	2
17	53463321	53479233	0
17	53479234	53507459	1
17	53507460	53507670	3
17	53507671	53539450	2
17	53539451	53566970	0
17	53566971	53672719	1
17	53672720	53674785	0
17	53674786	53689332	2
17	53689333	53829636	0
17	53829637	53846338	2
17	53846339	53961614	0
17	53961615	53990673	2
17	53990674	54273593	0
17	54273594	54299033	2
17	54299034	55445381	0
17	55445382	55514580	1
17	55514581	55592340	0
17	55592341	55624671	2
17	55624672	55652024	0
17	55652025	55712627	2
17	55712628	55749983	0
17	55749984	55853661	1
17	55853662	55864891	0
17	55864892	55878929	2
17	55878930	55892092	0
17	55892093	55898927	1
17	55898928	55938380	0
17	55938381	55949499	2
17	55949500	55952622	0
17	55952623	55957020	1
17	55957021	55959186	0
17	55959187	55967948	1
17	55967949	55970466	0
17	55970467	55976619	1
17	55976620	55986510	0
17	55986511	55996880	1
17	55996881	55997080	0
17	55997081	56005569	2
17	56005570	56005710	0
17	56005711	56016752	1
17	56016753	56016789	3
17	56016790	56036636	2
17	56036637	56040415	0
17	56040416	56067044	1
17	56067045	56068025	3
17	56068026	56075027	2
17	56075028	56079633	0
17	56079634	56100590	1
17	56100591	56100591	3
17	56100592	56100597	1
17	56100598	56109802	2
17	56109803	56111600	0
17	56111601	56117595	2
17	56117596	56119679	0
17	56119680	56121945	2
17	56121946	56123084	0
17	56123085	56140342	2
17	56140343	56162476	0
17	56162477	56173954	1
17	56173955	56175743	0
17	56175744	56183919	2
17	56183920	56186816	0
17	56186817	56218888	2
17	56218889	56256792	0
17	56256793	56263607	1
17	56263608	56269318	0
17	56269319	56276785	2
17	56276786	56278961	0
17	56278962	56290510	2
17	56290511	56294112	0
17	56294113	56300285	2
17	56300286	56303320	0
17	56303321	56323485	1
17	56323486	56326061	0
17	56326062	56402869	1
17	56402870	56412425	0
17	56412426	56476482	2
17	56476483	56511247	0
17	56511248	56512482	2
17	56512483	56551413	0
17	56551414	56554386	2
17	56554387	56560964	0
17	56560965	56584584	2
17	56584585	56584973	0
17	56584974	56606293	1
17	56606294	56607451	0
17	56607452	56609770	2
17	56609771	56613394	0
17	56613395	56614242	1
17	56614243	56614300	0
17	56614301	56626902	2
17	56626903	56628142	0
17	56628143	56664455	1
17	56664456	56673224	0
17	56673225	56711768	1
17	56711769	56713931	0
17	56713932	56717698	2
17	56717699	56717761	0
17	56717762	56724247	1
17	56724248	56751324	0
17	56751325	56757529	2
17	56757530	56764750	0
17	56764751	56770091	1
17	56770092	56770275	0
17	56770276	56772133	1
17	56772134	56775896	0
17	56775897	56831007	2
17	56831008	56843102	0
17	56843103	56874446	2
17	56874447	56875476	0
17	56875477	56888903	1
17	56888904	56892611	0
17	56892612	56935387	2
17	56935388	56953489	0
17	56953490	56982125	2
17	56982126	56990263	0
17	56990264	56996370	1
17	56996371	56997338	0
17	56997339	56999321	1
17	56999322	56999456	0
17	56999457	57000017	2
17	57000018	57003404	0
17	57003405	57011287	2
17	57011288	57011468	0
17	57011469	57021057	1
17	57021058	57021112	3
17	57021113	57031506	2
17	57031507	57032772	0
17	57032773	57041653	2
17	57041654	57043710	0
17	57043711	57059104	2
17	57059105	57059862	3
17	57059863	57065917	1
17	57065918	57066055	0
17	57066056	57078509	2
17	57078510	57080065	0
17	57080066	57087781	2
17	57087782	57092034	0
17	57092035	57105384	2
17	57105385	57105941	3
17	57105942	57107756	1
17	57107757	57145996	0
17	57145997	57149776	2
17	57149777	57189491	0
17	57189492	57194188	2
17	57194189	57203969	0
17	57203970	57228135	2
17	57228136	57234913	0
17	57234914	57247640	2
17	57247641	57249454	0
17	57249455	57263664	1
17	57263665	57279099	0
17	57279100	57328030	1
17	57328031	57358685	0
17	57358686	57483528	1
17	57483529	57508782	0
17	57508783	57545313	2
17	57545314	57741766	0
17	57741767	57742218	2
17	57742219	57769569	0
17	57769570	57838426	1
17	57838427	57839232	3
17	57839233	58410354	1
17	58410355	58878807	0
17	58878808	58991374	2
17	58991375	58999617	0
17	58999618	59013371	2
17	59013372	62604183	0
17	62604184	62881316	2
17	62881317	63057451	0
17	63057452	63500016	2
17	63500017	63863299	0
17	63863300	63863790	2
17	63863791	63896017	0
17	63896018	64139493	1
17	64139494	64281004	0
17	64281005	64331915	2
17	64331916	64600735	0
17	64600736	64755109	1
17	64755110	64832522	0
17	64832523	64836070	2
17	64836071	65256004	0
17	65256005	65540781	2
17	65540782	65580055	0
17	65580056	65613554	2
17	65613555	65637504	0
17	65637505	65642203	2
17	65642204	65651725	0
17	65651726	65772751	2
17	65772752	65782572	0
17	65782573	65841925	1
17	65841926	65848432	0
17	65848433	65885754	2
17	65885755	65923065	0
17	65923066	65951186	2
17	65951187	65967500	0
17	65967501	66077045	2
17	66077046	66078794	0
17	66078795	66101558	2
17	66101559	66111545	0
17	66111546	66120502	1
17	66120503	66123519	0
17	66123520	66152173	1
17	66152174	66336981	0
17	66336982	66449749	2
17	66449750	66494511	0
17	66494512	66519716	2
17	66519717	66555251	0
17	66555252	66594620	2
17	66594621	66666946	0
17	66666947	67354456	2
17	67354457	67630964	0
17	67630965	67632722	2
17	67632723	67697264	0
17	67697265	67822644	1
17	67822645	67842712	0
17	67842713	68004119	2
17	68004120	68273796	0
17	68273797	68777960	1
17	68777961	68837135	0
17	68837136	68843137	1
17	68843138	69075682	0
17	69075683	69289988	1
17	69289989	69383049	0
17	69383050	69390749	1
17	69390750	69439325	0
17	69439326	69489232	1
17	69489233	69969072	0
17	69969073	70821412	1
17	70821413	70844204	0
17	70844205	70853545	2
17	70853546	70929057	0
17	70929058	70929545	1
17	70929546	70973919	0
17	70973920	70990786	2
17	70990787	70993655	0
17	70993656	71002877	2
17	71002878	71019520	0
17	71019521	71126855	1
17	71126856	71183555	0
17	71183556	71249816	1
17	71249817	71252175	0
17	71252176	71310964	2
17	71310965	71344488	0
17	71344489	71475342	2
17	71475343	71496099	0
17	71496100	71526856	2
17	71526857	71552060	0
17	71552061	71589532	1
17	71589533	71616214	0
17	71616215	71659030	1
17	71659031	71673260	0
17	71673261	71729668	1
17	71729669	71743556	0
17	71743557	71752884	2
17	71752885	71768472	0
17	71768473	71864272	1
17	71864273	71869441	0
17	71869442	72603708	2
17	72603709	72836703	0
17	72836704	72851194	1
17	72851195	72918304	0
17	72918305	72941941	1
17	72941942	73107984	0
17	73107985	73243367	1
17	73243368	73306463	0
17	73306464	73399295	2
17	73399296	73493227	0
17	73493228	73710450	2
17	73710451	73804840	0
17	73804841	73832092	1
17	73832093	73883907	0
17	73883908	73950181	2
17	73950182	74017705	0
17	74017706	74047915	2
17	74047916	74200705	0
17	74200706	74294882	2
17	74294883	74299473	0
17	74299474	74323943	2
17	74323944	74338986	0
17	74338987	74391114	1
17	74391115	74395607	0
17	74395608	74424228	1
17	74424229	74426294	0
17	74426295	74459107	2
17	74459108	74489492	0
17	74489493	74500276	1
17	74500277	74528294	0
17	74528295	74703355	1
17	74703356	74717749	0
17	74717750	74863569	1
17	74863570	75005567	0
17	75005568	75391766	1
17	75391767	75435904	0
17	75435905	75529042	1
17	75529043	75537085	0
17	75537086	75551945	2
17	75551946	78200247	0
17	78200248	78376591	1
17	78376592	78377884	0
17	78377885	78418130	2
17	78418131	78491564	0
17	78491565	78493540	1
17	78493541	78508062	0
17	78508063	78627408	1
17	78627409	78649912	0
17	78649913	78737195	2
17	78737196	78752905	0
17	78752906	78835380	2
17	78835381	78835515	0
17	78835516	78848298	1
17	78848299	78852563	0
17	78852564	78882572	2
17	78882573	78883937	0
17	78883938	78906991	2
17	78906992	78916499	0
17	78916500	78919005	1
17	78919006	78920305	3
17	78920306	78937069	2
17	78937070	78937134	0
17	78937135	78948051	1
17	78948052	78949404	0
17	78949405	79020815	2
17	79020816	79051905	0
17	79051906	79090242	1
17	79090243	79334024	0
17	79334025	79355090	2
17	79355091	79611862	0
17	79611863	79693191	1
17	79693192	79706952	0
17	79706953	79715040	2
17	79715041	79848389	0
17	79848390	79896122	2
17	79896123	80029486	0
17	80029487	80062333	2
17	80062334	80127470	0
17	80127471	80185100	1
17	80185101	80200088	0
17	80200089	80207304	2
17	80207305	80207459	0
17	80207460	80217935	1
17	80217936	80224440	0
17	80224441	80228496	1
17	80228497	80238303	0
17	80238304	80290202	2
17	80290203	80290475	3
17	80290476	80297475	1
17	80297476	80307406	0
17	80307407	80373217	1
17	80373218	80373540	3
17	80373541	80388688	1
17	80388689	80393751	0
17	80393752	80480452	2
17	80480453	80523549	0
17	80523550	80563833	2
17	80563834	80580511	0
17	80580512	80728092	2
17	80728093	80944631	0
17	80944632	81001815	1
17	81001816	81026326	0
17	81026327	81065084	2
17	81065085	81388690	0
17	81388691	81441762	2
17	81441763	81441922	3
17	81441923	81649606	2
17	81649607	82539257	0
17	82539258	82539544	1
17	82539545	83215291	0
17	83215292	83225069	1
17	83225070	83350930	0
17	83350931	83480360	1
17	83480361	83501918	0
17	83501919	83514332	2
17	83514333	83585956	0
17	83585957	83631894	2
17	83631895	83706162	0
17	83706163	83820215	1
17	83820216	83831355	0
17	83831356	83846789	2
17	83846790	84183930	0
17	84183931	84187946	2
17	84187947	84190055	0
17	84190056	84466195	2
17	84466196	84511894	0
17	84511895	84622141	1
17	84622142	84626495	0
17	84626496	84655557	1
17	84655558	84658233	0
17	84658234	84676301	2
17	84676302	84683010	3
17	84683011	84700332	1
17	84700333	84705246	0
17	84705247	84790557	2
17	84790558	84956740	0
17	84956741	85023990	1
17	85023991	85028346	0
17	85028347	85063476	1
17	85063477	85064242	3
17	85064243	85090266	2
17	85090267	85090725	0
17	85090726	85458138	1
17	85458139	85613607	0
17	85613608	85629301	1
17	85629302	85684276	0
17	85684277	85688273	2
17	85688274	85984664	0
17	85984665	86145174	2
17	86145175	86167784	0
17	86167785	86497731	1
17	86497732	86505231	3
17	86505232	86657918	1
17	86657919	86753906	0
17	86753907	86833409	1
17	86833410	86917347	0
17	86917348	86922373	1
17	86922374	86944108	0
17	86944109	86947886	2
17	86947887	86963081	0
17	86963082	86997255	1
17	86997256	87000068	3
17	87000069	87025405	2
17	87025406	87025549	0
17	87025550	87035809	1
17	87035810	87107678	0
17	87107679	87137582	1
17	87137583	87254657	0
17	87254658	87265934	2
17	87265935	87282885	0
17	87282886	87381768	1
17	87381769	87389570	0
17	87389571	87427740	2
17	87427741	87433411	0
17	87433412	87446934	2
17	87446935	87635978	0
17	87635979	87651105	1
17	87651106	87672329	0
17	87672330	87723712	1
17	87723713	87745836	0
17	87745837	87797993	2
17	87797994	87920976	0
17	87920977	87921392	1
17	87921393	87975049	0
17	87975050	87990858	1
17	87990859	87990882	3
17	87990883	88065290	2
17	88065291	88440710	0
17	88440711	88490532	1
17	88490533	88530117	0
17	88530118	88588366	1
17	88588367	88597683	0
17	88597684	88662585	1
17	88662586	88668659	0
17	88668660	88715151	1
17	88715152	88741548	0
17	88741549	88791975	2
17	88791976	88985169	0
17	88985170	89200611	2
17	89200612	89908510	0
17	89908511	89910448	2
17	89910449	90033630	0
17	90033631	91088492	2
17	91088493	91088906	3
17	91088907	91093070	2
17	91093071	91236786	0
17	91236787	91238115	1
17	91238116	93199421	0
17	93199422	93205484	1
17	93205485	94727079	0
17	94727080	94749891	2
17	94749892	94873985	0
17	94873986	94877496	1
