<CHROM>	<START>	<END>	<TSB>
2	0	10056029	0
2	10056030	10080509	2
2	10080510	10080623	0
2	10080624	10092805	1
2	10092806	10094592	0
2	10094593	10131395	2
2	10131396	10153570	0
2	10153571	10256528	1
2	10256529	101560780	0
2	101560781	101624717	2
2	101624718	101628989	3
2	101628990	101649531	2
2	101649532	101678439	0
2	101678440	101701668	1
2	101701669	101714284	0
2	101714285	101883013	2
2	101883014	101886252	0
2	101886253	101901645	1
2	101901646	101950202	0
2	101950203	102186384	2
2	102186385	102300118	0
2	102300119	102407827	2
2	102407828	102449365	0
2	102449366	102452498	2
2	102452499	102550011	0
2	102550012	102643040	1
2	102643041	102658658	0
2	102658659	102790783	1
2	102790784	102811140	0
2	102811141	102901664	2
2	102901665	103021074	0
2	103021075	103073512	2
2	103073513	103073674	0
2	103073675	103092643	1
2	103092644	103263432	0
2	103263433	103303277	2
2	103303278	103411687	0
2	103411688	103450988	1
2	103450989	103453848	0
2	103453849	103485159	2
2	103485160	103566309	0
2	103566310	103718422	1
2	103718423	103721255	0
2	103721256	103761269	2
2	103761270	103762940	0
2	103762941	103797648	2
2	103797649	103957985	0
2	103957986	103981877	1
2	103981878	103992494	0
2	103992495	104027720	2
2	104027721	104028307	3
2	104028308	104063239	1
2	104063240	104065825	0
2	104065826	104067485	1
2	104067486	104068046	0
2	104068047	104068549	2
2	104068550	104069848	0
2	104069849	104091186	1
2	104091187	104095800	0
2	104095801	104115353	1
2	104115354	104122768	0
2	104122769	104124748	1
2	104124749	104143072	0
2	104143073	104411012	2
2	104411013	104426480	0
2	104426481	104494445	2
2	104494446	104590522	0
2	104590523	104665428	1
2	104665429	104678016	0
2	104678017	104712161	2
2	104712162	104713925	0
2	104713926	104716378	2
2	104716379	104721783	0
2	104721784	104742877	2
2	104742878	104754794	0
2	104754795	104816759	2
2	104816760	104830740	0
2	104830741	104849875	2
2	104849876	104867804	0
2	104867805	104999655	1
2	104999656	104999736	3
2	104999737	105017850	1
2	105017851	105092017	0
2	105092018	105093759	1
2	105093760	105126528	0
2	105126529	105173615	1
2	105173616	105224319	0
2	105224320	105379795	1
2	105379796	105386290	0
2	105386291	105399318	2
2	105399319	105668899	0
2	105668900	105697363	1
2	105697364	105701026	0
2	105701027	105904563	2
2	105904564	105904637	0
2	105904638	105965557	1
2	105965558	105966708	0
2	105966709	106003548	2
2	106003549	106693268	0
2	106693269	106868355	1
2	106868356	106962526	0
2	106962527	106974423	2
2	106974424	107056139	0
2	107056140	107059655	2
2	107059656	107290638	0
2	107290639	107298501	1
2	107298502	109092296	0
2	109092297	109280737	2
2	109280738	109280747	3
2	109280748	109341746	1
2	109341747	109674699	0
2	109674700	109727006	1
2	109727007	109890852	0
2	109890853	109901002	1
2	109901003	109917646	0
2	109917647	110014256	1
2	110014257	110017816	0
2	110017817	110173359	1
2	110173360	110262696	0
2	110262697	110314559	2
2	110314560	110360916	0
2	110360917	110363182	2
2	110363183	110597297	0
2	110597298	110647778	1
2	110647779	110655200	0
2	110655201	110721339	2
2	110721340	110739526	3
2	110739527	110950922	2
2	110950923	111088371	0
2	111088372	111105981	2
2	111105982	111134113	0
2	111134114	111152935	2
2	111152936	111162060	0
2	111162061	111229601	2
2	111229602	111230359	0
2	111230360	111235285	2
2	111235286	111254515	0
2	111254516	111262025	1
2	111262026	111264945	0
2	111264946	111274105	2
2	111274106	111290135	0
2	111290136	111298885	1
2	111298886	111300634	0
2	111300635	111309042	1
2	111309043	111314016	0
2	111314017	111322159	1
2	111322160	111326519	0
2	111326520	111332851	1
2	111332852	111335158	0
2	111335159	111336075	2
2	111336076	111366789	0
2	111366790	111370062	1
2	111370063	111375521	0
2	111375522	111380612	1
2	111380613	111417841	0
2	111417842	111423114	2
2	111423115	111449141	0
2	111449142	111450058	1
2	111450059	111474100	0
2	111474101	111479993	1
2	111479994	111480818	0
2	111480819	111484614	1
2	111484615	111487527	0
2	111487528	111493828	2
2	111493829	111497179	0
2	111497180	111504552	1
2	111504553	111525202	0
2	111525203	111530786	1
2	111530787	111536529	0
2	111536530	111540290	2
2	111540291	111561422	0
2	111561423	111569680	2
2	111569681	111615232	0
2	111615233	111626496	2
2	111626497	111644497	0
2	111644498	111649200	2
2	111649201	111661418	0
2	111661419	111665813	1
2	111665814	111751005	0
2	111751006	111758851	1
2	111758852	111777428	0
2	111777429	111782699	1
2	111782700	111812246	0
2	111812247	111820339	2
2	111820340	111872370	0
2	111872371	111877148	2
2	111877149	111911263	0
2	111911264	111916270	2
2	111916271	111930115	0
2	111930116	111949439	2
2	111949440	111959284	0
2	111959285	111964943	2
2	111964944	111979856	0
2	111979857	111990280	2
2	111990281	112004573	0
2	112004574	112012707	2
2	112012708	112019655	0
2	112019656	112024411	2
2	112024412	112038067	0
2	112038068	112050237	2
2	112050238	112070087	0
2	112070088	112077842	2
2	112077843	112089785	0
2	112089786	112096780	2
2	112096781	112110056	0
2	112110057	112115439	2
2	112115440	112126995	0
2	112126996	112134976	2
2	112134977	112140328	0
2	112140329	112144053	1
2	112144054	112154370	0
2	112154371	112159156	1
2	112159157	112239467	0
2	112239468	112247110	1
2	112247111	112247947	0
2	112247948	112259290	2
2	112259291	112261925	0
2	112261926	112263268	1
2	112263269	112265824	0
2	112265825	112363010	1
2	112363011	112363155	3
2	112363156	112368026	2
2	112368027	112379210	0
2	112379211	112414239	1
2	112414240	112454996	0
2	112454997	112472161	1
2	112472162	112479170	0
2	112479171	112480768	2
2	112480769	112492963	0
2	112492964	112631354	1
2	112631355	112634572	3
2	112634573	113217086	2
2	113217087	113285731	0
2	113285732	113297189	1
2	113297190	113327735	0
2	113327736	113716766	1
2	113716767	113746163	0
2	113746164	113758645	2
2	113758646	113776361	0
2	113776362	113829120	2
2	113829121	113831491	0
2	113831492	113848660	2
2	113848661	114009600	0
2	114009601	114013618	2
2	114013619	114047281	0
2	114047282	114053547	2
2	114053548	114101169	0
2	114101170	114175338	2
2	114175339	114193460	0
2	114193461	114201468	2
2	114201469	114516415	0
2	114516416	114654963	2
2	114654964	115581715	0
2	115581716	115778767	1
2	115778768	115863063	0
2	115863064	116065838	2
2	116065839	116878690	0
2	116878691	116892493	1
2	116892494	117121373	0
2	117121374	117182278	1
2	117182279	117249738	0
2	117249739	117271539	1
2	117271540	117279992	0
2	117279993	117343000	2
2	117343001	118111875	0
2	118111876	118127132	1
2	118127133	118130423	0
2	118130424	118256965	2
2	118256966	118277109	0
2	118277110	118373418	2
2	118373419	118388617	0
2	118388618	118475233	1
2	118475234	118475849	0
2	118475850	118479710	2
2	118479711	118528756	0
2	118528757	118549686	2
2	118549687	118598210	0
2	118598211	118641590	1
2	118641591	118663302	0
2	118663303	118698019	1
2	118698020	118699102	0
2	118699103	118703962	2
2	118703963	118707516	0
2	118707517	118728437	2
2	118728438	118745757	0
2	118745758	118748809	1
2	118748810	118754157	0
2	118754158	118762660	2
2	118762661	118772768	0
2	118772769	118778164	1
2	118778165	118779718	0
2	118779719	118811292	1
2	118811293	118814002	0
2	118814003	118837695	1
2	118837696	118861953	0
2	118861954	118882908	1
2	118882909	118900376	0
2	118900377	118924527	1
2	118924528	118926495	0
2	118926496	118928584	1
2	118928585	119017778	0
2	119017779	119029392	2
2	119029393	119034789	0
2	119034790	119039768	1
2	119039769	119047118	0
2	119047119	119105500	1
2	119105501	119112792	0
2	119112793	119137000	1
2	119137001	119137289	3
2	119137290	119147444	1
2	119147445	119157033	2
2	119157034	119167772	0
2	119167773	119172389	1
2	119172390	119172499	0
2	119172500	119174508	2
2	119174509	119177574	3
2	119177575	119208633	2
2	119208634	119208794	3
2	119208795	119217048	1
2	119217049	119218118	0
2	119218119	119229905	2
2	119229906	119237361	0
2	119237362	119249526	1
2	119249527	119269200	0
2	119269201	119271271	2
2	119271272	119288741	0
2	119288742	119298452	1
2	119298453	119325783	0
2	119325784	119335961	1
2	119335962	119351228	0
2	119351229	119354380	1
2	119354381	119373041	0
2	119373042	119477686	2
2	119477687	119516504	0
2	119516505	119547626	2
2	119547627	119547696	0
2	119547697	119587026	1
2	119587027	119609970	0
2	119609971	119618297	2
2	119618298	119618468	3
2	119618469	119651243	1
2	119651244	119655445	0
2	119655446	119662820	2
2	119662821	119675067	0
2	119675068	119735406	1
2	119735407	119742336	0
2	119742337	119751262	1
2	119751263	119751319	0
2	119751320	119760430	2
2	119760431	119763303	0
2	119763304	119787536	2
2	119787537	119797732	0
2	119797733	119818103	1
2	119818104	119897227	0
2	119897228	119969580	1
2	119969581	119972698	0
2	119972699	120027407	1
2	120027408	120027482	0
2	120027483	120043032	1
2	120043033	120089174	0
2	120089175	120154605	2
2	120154606	120166411	0
2	120166412	120245334	2
2	120245335	120265594	0
2	120265595	120289196	2
2	120289197	120299965	0
2	120299966	120314164	2
2	120314165	120316460	0
2	120316461	120353136	2
2	120353137	120355311	0
2	120355312	120404088	2
2	120404089	120404767	0
2	120404768	120461699	1
2	120461700	120463578	0
2	120463579	120504912	1
2	120504913	120506819	0
2	120506820	120563842	2
2	120563843	120567670	0
2	120567671	120601254	1
2	120601255	120604237	0
2	120604238	120609382	2
2	120609383	120609509	3
2	120609510	120609519	2
2	120609520	120621559	1
2	120621560	120629120	0
2	120629121	120715880	1
2	120715881	120716153	0
2	120716154	120731517	2
2	120731518	120732815	0
2	120732816	120850603	2
2	120850604	120860268	0
2	120860269	120970714	2
2	120970715	120977016	0
2	120977017	121007851	1
2	121007852	121008402	0
2	121008403	121016903	1
2	121016904	121017890	0
2	121017891	121037071	2
2	121037072	121046110	0
2	121046111	121085840	2
2	121085841	121093564	0
2	121093565	121109794	2
2	121109795	121128306	0
2	121128307	121140431	2
2	121140432	121140652	3
2	121140653	121156679	1
2	121156680	121158272	0
2	121158273	121171124	2
2	121171125	121171167	0
2	121171168	121194837	1
2	121194838	121198769	3
2	121198770	121271406	2
2	121271407	121289599	0
2	121289600	121310560	1
2	121310561	121310831	3
2	121310832	121355395	2
2	121355396	121357713	0
2	121357714	121363727	1
2	121363728	121363736	3
2	121363737	121380939	2
2	121380940	121394354	0
2	121394355	121413774	2
2	121413775	121413791	3
2	121413792	121438686	1
2	121438687	121439009	0
2	121439010	121444277	2
2	121444278	121449194	0
2	121449195	121451176	1
2	121451177	121453419	3
2	121453420	121456780	2
2	121456781	121458671	1
2	121458672	121460234	0
2	121460235	121474066	2
2	121474067	121491910	0
2	121491911	121506664	2
2	121506665	121506722	0
2	121506723	121544859	1
2	121544860	121545528	0
2	121545529	121807086	2
2	121807087	121866969	0
2	121866970	121936219	1
2	121936220	121953751	0
2	121953752	121956000	2
2	121956001	121956091	3
2	121956092	122013641	1
2	122013642	122028545	0
2	122028546	122053519	1
2	122053520	122056597	3
2	122056598	122118385	2
2	122118386	122120107	0
2	122120108	122147685	2
2	122147686	122153082	3
2	122153083	122160699	2
2	122160700	122179026	3
2	122179027	122186188	2
2	122186189	122186271	0
2	122186272	122206396	1
2	122206397	122234748	0
2	122234749	122265339	1
2	122265340	122279246	0
2	122279247	122298164	2
2	122298165	122298899	0
2	122298900	122302190	1
2	122302191	122302884	3
2	122302885	122313729	2
2	122313730	122315671	0
2	122315672	122347971	1
2	122347972	122348891	0
2	122348892	122369161	2
2	122369162	122426476	0
2	122426477	122461136	1
2	122461137	122484940	0
2	122484941	122528039	1
2	122528040	122594466	0
2	122594467	122611302	2
2	122611303	122636985	0
2	122636986	122641190	1
2	122641191	122681232	0
2	122681233	122702662	2
2	122702663	122738502	0
2	122738503	122749474	1
2	122749475	122765236	0
2	122765237	122809568	1
2	122809569	124089968	0
2	124089969	124667769	1
2	124667770	125068123	0
2	125068124	125086567	1
2	125086568	125088676	3
2	125088677	125123660	2
2	125123661	125136691	0
2	125136692	125147838	1
2	125147839	125152504	0
2	125152505	125230001	1
2	125230002	125247189	0
2	125247190	125258607	1
2	125258608	125300593	0
2	125300594	125505088	2
2	125505089	125506384	3
2	125506385	125507992	2
2	125507993	125563087	0
2	125563088	125625112	2
2	125625113	125627446	0
2	125627447	125673094	2
2	125673095	125673631	3
2	125673632	125723386	2
2	125723387	125736985	0
2	125736986	125782869	2
2	125782870	125830303	0
2	125830304	125859133	2
2	125859134	125859138	3
2	125859139	125983482	1
2	125983483	125984298	3
2	125984299	126034657	2
2	126034658	126091184	3
2	126091185	126152003	2
2	126152004	126152140	0
2	126152141	126165278	1
2	126165279	126215099	0
2	126215100	126216211	1
2	126216212	126320972	0
2	126320973	126500673	2
2	126500674	126552406	0
2	126552407	126588242	1
2	126588243	126593666	0
2	126593667	126618677	2
2	126618678	126627441	0
2	126627442	126676336	2
2	126676337	126707342	0
2	126707343	126759296	1
2	126759297	126761420	0
2	126761421	126783469	2
2	126783470	126791564	0
2	126791565	126876229	2
2	126876230	126890390	0
2	126890391	126933234	2
2	126933235	127008723	0
2	127008724	127067908	1
2	127067909	127070666	0
2	127070667	127097083	1
2	127097084	127103808	0
2	127103809	127133953	2
2	127133954	127138771	0
2	127138772	127143441	2
2	127143442	127186354	0
2	127186355	127208279	2
2	127208280	127208398	0
2	127208399	127240450	1
2	127240451	127240937	0
2	127240938	127247815	2
2	127247816	127247907	0
2	127247908	127261106	1
2	127261107	127270228	0
2	127270229	127298931	1
2	127298932	127336158	0
2	127336159	127338375	1
2	127338376	127338638	0
2	127338639	127357650	1
2	127357651	127363207	0
2	127363208	127367220	1
2	127367221	127425198	0
2	127425199	127436091	1
2	127436092	127436214	0
2	127436215	127444549	2
2	127444550	127456497	0
2	127456498	127521369	2
2	127521370	127526472	0
2	127526473	127541466	2
2	127541467	127574661	0
2	127574662	127587093	2
2	127587094	127587221	0
2	127587222	127606828	1
2	127606829	127633225	0
2	127633226	127656694	2
2	127656695	127704385	0
2	127704386	127729931	2
2	127729932	127740731	0
2	127740732	127788896	2
2	127788897	127791387	0
2	127791388	127792487	2
2	127792488	127801121	0
2	127801122	127831864	2
2	127831865	127854627	0
2	127854628	128123872	1
2	128123873	128126037	0
2	128126038	128162546	1
2	128162547	128591208	0
2	128591209	128596842	1
2	128596843	128610103	0
2	128610104	128687390	2
2	128687391	128698955	0
2	128698956	128802893	1
2	128802894	128818117	0
2	128818118	128854260	1
2	128854261	128862980	0
2	128862981	128897033	1
2	128897034	128926267	0
2	128926268	128944076	2
2	128944077	128966592	0
2	128966593	128967401	2
2	128967402	128967724	3
2	128967725	129018562	1
2	129018563	129025072	0
2	129025073	129048171	2
2	129048172	129065941	0
2	129065942	129096282	1
2	129096283	129100994	0
2	129100995	129126593	1
2	129126594	129129699	0
2	129129700	129134133	1
2	129134134	129198763	0
2	129198764	129211615	1
2	129211616	129268209	0
2	129268210	129297211	2
2	129297212	129299609	0
2	129299610	129309971	2
2	129309972	129364569	0
2	129364570	129371138	2
2	129371139	129458358	0
2	129458359	129536601	2
2	129536602	129592838	0
2	129592839	129632227	1
2	129632228	129686564	0
2	129686565	129699832	2
2	129699833	129800516	0
2	129800517	129832286	1
2	129832287	130012348	0
2	130012349	130050398	1
2	130050399	130123274	0
2	130123275	130154231	1
2	130154232	130171634	0
2	130171635	130179402	2
2	130179403	130195193	0
2	130195194	130264444	1
2	130264445	130274429	0
2	130274430	130279308	1
2	130279309	130279312	3
2	130279313	130284546	2
2	130284547	130295168	0
2	130295169	130370480	1
2	130370481	130390774	0
2	130390775	130397573	2
2	130397574	130405238	0
2	130405239	130408255	1
2	130408256	130417682	0
2	130417683	130424364	2
2	130424365	130424686	3
2	130424687	130444268	1
2	130444269	130450277	0
2	130450278	130556123	1
2	130556124	130563741	0
2	130563742	130568694	1
2	130568695	130576172	0
2	130576173	130577053	1
2	130577054	130580619	0
2	130580620	130582553	2
2	130582554	130590001	0
2	130590002	130630037	2
2	130630038	130632838	0
2	130632839	130642802	2
2	130642803	130653959	0
2	130653960	130664658	2
2	130664659	130667609	0
2	130667610	130681613	1
2	130681614	130684112	0
2	130684113	130697518	2
2	130697519	130706199	0
2	130706200	130906405	2
2	130906406	130906494	0
2	130906495	131030332	1
2	131030333	131039631	0
2	131039632	131043087	2
2	131043088	131050816	0
2	131050817	131063813	2
2	131063814	131069219	0
2	131069220	131086764	2
2	131086765	131127279	0
2	131127280	131146320	1
2	131146321	131146324	0
2	131146325	131160080	2
2	131160081	131170260	0
2	131170261	131186948	2
2	131186949	131187281	3
2	131187282	131198496	1
2	131198497	131207085	0
2	131207086	131213513	1
2	131213514	131234066	0
2	131234067	131248024	1
2	131248025	131262499	0
2	131262500	131298063	1
2	131298064	131299187	3
2	131299188	131352880	2
2	131352881	131491495	0
2	131491496	131525921	1
2	131525922	131545849	0
2	131545850	131562282	2
2	131562283	131853677	0
2	131853678	131859746	2
2	131859747	131909927	0
2	131909928	131956129	1
2	131956130	131989414	0
2	131989415	132030257	2
2	132030258	132052495	0
2	132052496	132145107	2
2	132145108	132239491	0
2	132239492	132247806	2
2	132247807	132249161	0
2	132249162	132253313	2
2	132253314	132263147	0
2	132263148	132312049	1
2	132312050	132337732	0
2	132337733	132385446	2
2	132385447	132529081	0
2	132529082	132587728	2
2	132587729	132686930	0
2	132686931	132751054	1
2	132751055	132781277	0
2	132781278	132795078	1
2	132795079	132804206	0
2	132804207	132816053	2
2	132816054	132816140	0
2	132816141	132844196	1
2	132844197	132846665	0
2	132846666	132866784	1
2	132866785	132868304	0
2	132868305	132880890	2
2	132880891	132904388	0
2	132904389	132945905	2
2	132945906	133552158	0
2	133552159	133562884	1
2	133562885	134497360	0
2	134497361	134554367	2
2	134554368	134594184	0
2	134594185	134644144	2
2	134644145	134786066	0
2	134786067	135475257	1
2	135475258	135659710	0
2	135659711	136014592	1
2	136014593	136052238	0
2	136052239	136069916	1
2	136069917	136081103	0
2	136081104	136387959	2
2	136387960	136515514	0
2	136515515	136555964	1
2	136555965	136713452	0
2	136713453	136782427	1
2	136782428	136873779	0
2	136873780	136891217	2
2	136891218	136891381	3
2	136891382	136891388	2
2	136891389	137071949	1
2	137071950	137081455	0
2	137081456	137116643	2
2	137116644	138256564	0
2	138256565	138287421	1
2	138287422	139493912	0
2	139493913	139637673	1
2	139637674	139678177	0
2	139678178	139758580	1
2	139758581	139833479	0
2	139833480	140066804	2
2	140066805	140119882	0
2	140119883	140152042	2
2	140152043	140153531	3
2	140153532	140170563	2
2	140170564	140170648	0
2	140170649	140203688	1
2	140203689	140229854	0
2	140229855	140389705	2
2	140389706	140395308	0
2	140395309	140658197	1
2	140658198	140671468	3
2	140671469	142392965	1
2	142392966	142617473	0
2	142617474	142901530	2
2	142901531	143063038	0
2	143063039	143072852	1
2	143072853	143078472	0
2	143078473	143081712	1
2	143081713	143546155	0
2	143546156	143816284	1
2	143816285	143826527	0
2	143826528	143863172	2
2	143863173	143915319	0
2	143915320	143943323	1
2	143943324	143947394	0
2	143947395	144011262	2
2	144011263	144033058	0
2	144033059	144073978	1
2	144073979	144250122	0
2	144250123	144270662	2
2	144270663	144270905	3
2	144270906	144281226	1
2	144281227	144305174	0
2	144305175	144332145	2
2	144332146	144368982	0
2	144368983	144407675	1
2	144407676	144470556	0
2	144470557	144527413	2
2	144527414	144527717	0
2	144527718	144541994	1
2	144541995	144542264	0
2	144542265	144550868	2
2	144550869	144556228	0
2	144556229	144590748	1
2	144590749	144594053	0
2	144594054	144595365	1
2	144595366	144599896	0
2	144599897	144768757	1
2	144768758	144823655	0
2	144823656	144824414	1
2	144824415	145167753	0
2	145167754	145642165	1
2	145642166	145784733	0
2	145784734	145887615	1
2	145887616	145902098	0
2	145902099	145916424	1
2	145916425	145917478	0
2	145917479	145934783	2
2	145934784	145935013	3
2	145935014	146215038	1
2	146215039	146221920	0
2	146221921	146225019	1
2	146225020	146239878	0
2	146239879	146512343	2
2	146512344	146855863	0
2	146855864	146970096	1
2	146970097	147012995	0
2	147012996	147077999	1
2	147078000	147083315	0
2	147083316	147085444	2
2	147085445	147177545	0
2	147177546	147186403	2
2	147186404	147361924	0
2	147361925	147375052	1
2	147375053	148042876	0
2	148042877	148046968	2
2	148046969	148395343	0
2	148395344	148396766	1
2	148396767	148404465	0
2	148404466	148408187	2
2	148408188	148436639	0
2	148436640	148443562	2
2	148443563	148672600	0
2	148672601	148676026	1
2	148676027	148681022	0
2	148681023	148692948	1
2	148692949	148693984	0
2	148693985	148732466	2
2	148732467	148750357	0
2	148750358	148755432	1
2	148755433	148768608	0
2	148768609	148771496	2
2	148771497	148782008	0
2	148782009	148785936	1
2	148785937	148789360	0
2	148789361	148793545	1
2	148793546	148798784	0
2	148798785	148805594	1
2	148805595	148820080	0
2	148820081	148830409	1
2	148830410	148835146	0
2	148835147	148838737	1
2	148838738	148846710	0
2	148846711	148850933	2
2	148850934	148871721	0
2	148871722	148875691	2
2	148875692	148990342	0
2	148990343	149003250	2
2	149003251	149015731	0
2	149015732	149017236	2
2	149017237	149405056	0
2	149405057	149410292	1
2	149410293	149829210	0
2	149829211	149830523	1
2	149830524	149831212	3
2	149831213	150004391	1
2	150004392	150114405	0
2	150114406	150136707	2
2	150136708	150178881	0
2	150178882	150179678	2
2	150179679	150181754	0
2	150181755	150193278	1
2	150193279	150218072	0
2	150218073	150240724	1
2	150240725	150254517	0
2	150254518	150255590	2
2	150255591	150257516	0
2	150257517	150270299	1
2	150270300	150310934	0
2	150310935	150323701	2
2	150323702	150362764	3
2	150362765	150363070	1
2	150363071	150407140	0
2	150407141	150451485	2
2	150451486	150470990	0
2	150470991	150485090	2
2	150485091	150570414	0
2	150570415	150578943	1
2	150578944	150583079	0
2	150583080	150608566	2
2	150608567	150618104	0
2	150618105	150668257	2
2	150668258	150680701	0
2	150680702	150689359	2
2	150689360	150749041	0
2	150749042	150771674	1
2	150771675	150786734	0
2	150786735	150831757	1
2	150831758	150832492	0
2	150832493	150904740	2
2	150904741	150909593	0
2	150909594	150931279	1
2	150931280	150934518	0
2	150934519	151039397	2
2	151039398	151086785	0
2	151086786	151092349	2
2	151092350	151098244	0
2	151098245	151103817	1
2	151103818	151470541	0
2	151470542	151476152	2
2	151476153	151494181	0
2	151494182	151511413	1
2	151511414	151542482	0
2	151542483	151561691	1
2	151561692	151572621	0
2	151572622	151590004	1
2	151590005	151590548	0
2	151590549	151632592	2
2	151632593	151645403	0
2	151645404	151668532	2
2	151668533	151702007	0
2	151702008	151712156	1
2	151712157	151715811	0
2	151715812	151744185	2
2	151744186	151842926	0
2	151842927	151874667	1
2	151874668	151911209	0
2	151911210	151945336	1
2	151945337	151969397	0
2	151969398	151980218	2
2	151980219	151996510	0
2	151996511	152009257	1
2	152009258	152081528	0
2	152081529	152095801	1
2	152095802	152105523	0
2	152105524	152111375	1
2	152111376	152143560	0
2	152143561	152149096	1
2	152149097	152226838	0
2	152226839	152281851	1
2	152281852	152293827	0
2	152293828	152313995	1
2	152313996	152316333	0
2	152316334	152332652	2
2	152332653	152337421	0
2	152337422	152344031	2
2	152344032	152368754	0
2	152368755	152376637	2
2	152376638	152393610	0
2	152393611	152398062	2
2	152398063	152411954	0
2	152411955	152415026	2
2	152415027	152415586	0
2	152415587	152444329	1
2	152444330	152459054	0
2	152459055	152464619	2
2	152464620	152477062	0
2	152477063	152479933	1
2	152479934	152485662	0
2	152485663	152490137	2
2	152490138	152507797	0
2	152507798	152511691	2
2	152511692	152518254	0
2	152518255	152521446	1
2	152521447	152538713	0
2	152538714	152540097	2
2	152540098	152569337	0
2	152569338	152569537	1
2	152569538	152572743	0
2	152572744	152574943	1
2	152574944	152576085	0
2	152576086	152580311	2
2	152580312	152593190	0
2	152593191	152596481	2
2	152596482	152604326	0
2	152604327	152612728	1
2	152612729	152622355	0
2	152622356	152623052	2
2	152623053	152626950	0
2	152626951	152635193	1
2	152635194	152669460	0
2	152669461	152708669	1
2	152708670	152736250	0
2	152736251	152737409	1
2	152737410	152754172	0
2	152754173	152765036	1
2	152765037	152780667	0
2	152780668	152831727	2
2	152831728	152847963	0
2	152847964	152895320	1
2	152895321	152911351	0
2	152911352	152923067	1
2	152923068	152931897	0
2	152931898	152933207	2
2	152933208	152940996	0
2	152940997	152951697	2
2	152951698	152962484	0
2	152962485	153007339	1
2	153007340	153008889	0
2	153008890	153015426	2
2	153015427	153031851	0
2	153031852	153055774	1
2	153055775	153065997	0
2	153065998	153081734	1
2	153081735	153108467	0
2	153108468	153151440	1
2	153151441	153161302	0
2	153161303	153210465	1
2	153210466	153222369	0
2	153222370	153225440	2
2	153225441	153227758	0
2	153227759	153241425	2
2	153241426	153241532	0
2	153241533	153270246	1
2	153270247	153291412	0
2	153291413	153333389	1
2	153333390	153345828	0
2	153345829	153404006	1
2	153404007	153407461	0
2	153407462	153492789	2
2	153492790	153493840	3
2	153493841	153529970	2
2	153529971	153616932	0
2	153616933	153632780	2
2	153632781	153649449	0
2	153649450	153687729	1
2	153687730	153696651	0
2	153696652	153729906	1
2	153729907	153741273	0
2	153741274	153773309	1
2	153773310	153779930	0
2	153779931	153844750	1
2	153844751	153856187	0
2	153856188	153871083	2
2	153871084	153875044	0
2	153875045	153895269	1
2	153895270	153900387	0
2	153900388	153912794	1
2	153912795	153918229	0
2	153918230	153932995	1
2	153932996	153938220	0
2	153938221	153964100	1
2	153964101	153974944	0
2	153974945	154000494	1
2	154000495	154008264	0
2	154008265	154016078	1
2	154016079	154130335	0
2	154130336	154138355	1
2	154138356	154142879	0
2	154142880	154149218	1
2	154149219	154162606	0
2	154162607	154168449	1
2	154168450	154190817	0
2	154190818	154220368	1
2	154220369	154223741	0
2	154223742	154240901	1
2	154240902	154257853	0
2	154257854	154271244	1
2	154271245	154307226	0
2	154307227	154320645	1
2	154320646	154335379	0
2	154335380	154373009	2
2	154373010	154376312	0
2	154376313	154408098	2
2	154408099	154436480	0
2	154436481	154539355	1
2	154539356	154544398	0
2	154544399	154548887	2
2	154548888	154550002	3
2	154550003	154551775	2
2	154551776	154553275	3
2	154553276	154558889	2
2	154558890	154559406	0
2	154559407	154569891	2
2	154569892	154585757	0
2	154585758	154603707	2
2	154603708	154612936	0
2	154612937	154613296	2
2	154613297	154613436	3
2	154613437	154646820	1
2	154646821	154657017	0
2	154657018	154694784	1
2	154694785	154769254	0
2	154769255	154769931	2
2	154769932	154791095	0
2	154791096	154871409	1
2	154871410	154892934	3
2	154892935	155051011	1
2	155051012	155059309	0
2	155059310	155074496	2
2	155074497	155133508	0
2	155133509	155226854	1
2	155226855	155236534	0
2	155236535	155250276	1
2	155250277	155276296	0
2	155276297	155278072	1
2	155278073	155278242	0
2	155278243	155357429	2
2	155357430	155381058	0
2	155381059	155389849	1
2	155389850	155390655	0
2	155390656	155473893	2
2	155473894	155490378	0
2	155490379	155517947	2
2	155517948	155518236	3
2	155518237	155563180	1
2	155563181	155585723	3
2	155585724	155592809	2
2	155592810	155611211	0
2	155611212	155634270	1
2	155634271	155634306	3
2	155634307	155692383	2
2	155692384	155701676	0
2	155701677	155729474	2
2	155729475	155735809	0
2	155735810	155735865	2
2	155735866	155751116	0
2	155751117	155755470	1
2	155755471	155775341	0
2	155775342	155817729	1
2	155817730	155818365	3
2	155818366	155819425	2
2	155819426	155819831	0
2	155819832	155826924	2
2	155826925	155827547	0
2	155827548	155834853	2
2	155834854	155846895	0
2	155846896	155930309	2
2	155930310	155940727	0
2	155940728	155941022	1
2	155941023	155942749	3
2	155942750	155945366	2
2	155945367	155956557	0
2	155956558	155998899	1
2	155998900	156000443	0
2	156000444	156007976	2
2	156007977	156008044	0
2	156008045	156018278	1
2	156018279	156019138	0
2	156019139	156052946	2
2	156052947	156065243	0
2	156065244	156069500	1
2	156069501	156071841	0
2	156071842	156111977	2
2	156111978	156123638	0
2	156123639	156144038	2
2	156144039	156144185	3
2	156144186	156145796	1
2	156145797	156147238	0
2	156147239	156180237	2
2	156180238	156196465	0
2	156196466	156309951	1
2	156309952	156311846	0
2	156311847	156312298	2
2	156312299	156312703	3
2	156312704	156375637	1
2	156375638	156420908	0
2	156420909	156543213	1
2	156543214	156547583	0
2	156547584	156568971	1
2	156568972	156613704	0
2	156613705	156764362	1
2	156764363	156775419	0
2	156775420	156781657	1
2	156781658	156840006	0
2	156840007	156855569	1
2	156855570	156856615	0
2	156856616	156857945	2
2	156857946	156863127	0
2	156863128	156872456	1
2	156872457	156873562	3
2	156873563	156887191	2
2	156887192	156927344	0
2	156927345	156992055	2
2	156992056	156995264	0
2	156995265	157007153	2
2	157007154	157015798	0
2	157015799	157079253	2
2	157079254	157087054	0
2	157087055	157096481	1
2	157096482	157097532	0
2	157097533	157135264	2
2	157135265	157145892	0
2	157145893	157204511	2
2	157204512	157208549	0
2	157208550	157279058	2
2	157279059	157279548	3
2	157279549	157326318	1
2	157326319	157329496	0
2	157329497	157346654	2
2	157346655	157367593	0
2	157367594	157396762	1
2	157396763	157418443	0
2	157418444	157471861	1
2	157471862	157556361	0
2	157556362	157560077	2
2	157560078	157562503	3
2	157562504	157571273	2
2	157571274	157737400	0
2	157737401	157891613	1
2	157891614	157914652	0
2	157914653	157944718	1
2	157944719	157981802	0
2	157981803	158028432	2
2	158028433	158028496	0
2	158028497	158116401	1
2	158116402	158132296	3
2	158132297	158146435	2
2	158146436	158182532	0
2	158182533	158229221	2
2	158229222	158258093	0
2	158258094	158284530	1
2	158284531	158306492	0
2	158306493	158332851	1
2	158332852	158375637	0
2	158375638	158386144	1
2	158386145	158409847	0
2	158409848	158499252	1
2	158499253	158502611	0
2	158502612	158508197	1
2	158508198	158512795	0
2	158512796	158550761	1
2	158550762	158610766	0
2	158610767	158615747	1
2	158615748	158624887	0
2	158624888	158639210	1
2	158639211	158665397	0
2	158665398	158766333	1
2	158766334	158768092	0
2	158768093	158786636	1
2	158786637	158794806	0
2	158794807	158858213	1
2	158858214	160311392	0
2	160311393	160327493	2
2	160327494	160363702	0
2	160363703	160367064	2
2	160367065	160645887	0
2	160645888	160722763	1
2	160722764	160731309	0
2	160731310	160765184	1
2	160765185	160775759	3
2	160775760	160872989	2
2	160872990	160880669	0
2	160880670	160906001	1
2	160906002	160906436	0
2	160906437	160912327	2
2	160912328	160946977	0
2	160946978	161109021	2
2	161109022	161521989	0
2	161521990	162661146	2
2	162661147	162931527	0
2	162931528	162937120	1
2	162937121	162943473	0
2	162943474	162974521	1
2	162974522	162987329	0
2	162987330	163014126	1
2	163014127	163017353	0
2	163017354	163046140	1
2	163046141	163054686	0
2	163054687	163084687	1
2	163084688	163087033	0
2	163087034	163087854	2
2	163087855	163203124	0
2	163203125	163324169	1
2	163324170	163336241	0
2	163336242	163397992	2
2	163397993	163405821	0
2	163405822	163424696	2
2	163424697	163438475	0
2	163438476	163455323	1
2	163455324	163466378	0
2	163466379	163472628	2
2	163472629	163492317	0
2	163492318	163502611	1
2	163502612	163506807	0
2	163506808	163572909	1
2	163572910	163602313	0
2	163602314	163619011	1
2	163619012	163623271	0
2	163623272	163645130	2
2	163645131	163658385	0
2	163658386	163726157	1
2	163726158	163726583	0
2	163726584	163750238	2
2	163750239	163820888	0
2	163820889	163833145	1
2	163833146	163853650	0
2	163853651	163859745	1
2	163859746	163859750	0
2	163859751	163918682	2
2	163918683	163994959	0
2	163994960	164018587	1
2	164018588	164025449	0
2	164025450	164050537	1
2	164050538	164053539	0
2	164053540	164070321	2
2	164070322	164071101	3
2	164071102	164071168	2
2	164071169	164155523	1
2	164155524	164163618	0
2	164163619	164171112	2
2	164171113	164176326	0
2	164176327	164182741	2
2	164182742	164189230	0
2	164189231	164190607	2
2	164190608	164198862	0
2	164198863	164200129	2
2	164200130	164214453	0
2	164214454	164221659	2
2	164221660	164235928	0
2	164235929	164238465	2
2	164238466	164254362	0
2	164254363	164256639	2
2	164256640	164275951	0
2	164275952	164278458	2
2	164278459	164289267	0
2	164289268	164291499	1
2	164291500	164316750	0
2	164316751	164318452	1
2	164318453	164332739	0
2	164332740	164334395	1
2	164334396	164354069	0
2	164354070	164389094	2
2	164389095	164389392	0
2	164389393	164403193	2
2	164403194	164404611	3
2	164404612	164405159	2
2	164405160	164415447	1
2	164415448	164424246	0
2	164424247	164443185	2
2	164443186	164456975	0
2	164456976	164465511	1
2	164465512	164470300	0
2	164470301	164473723	2
2	164473724	164486105	0
2	164486106	164493318	1
2	164493319	164497519	0
2	164497520	164508300	1
2	164508301	164562578	0
2	164562579	164568509	1
2	164568510	164569694	0
2	164569695	164573458	2
2	164573459	164579518	0
2	164579519	164585446	2
2	164585447	164588342	0
2	164588343	164593593	2
2	164593594	164596457	0
2	164596458	164613521	2
2	164613522	164613625	3
2	164613626	164618211	1
2	164618212	164634706	0
2	164634707	164638795	2
2	164638796	164649630	0
2	164649631	164656045	2
2	164656046	164656582	3
2	164656583	164657367	1
2	164657368	164662893	0
2	164662894	164674086	2
2	164674087	164685106	0
2	164685107	164687705	1
2	164687706	164698500	0
2	164698501	164702452	1
2	164702453	164715304	0
2	164715305	164718067	1
2	164718068	164731179	0
2	164731180	164745930	2
2	164745931	164745982	0
2	164745983	164768606	1
2	164768607	164769897	0
2	164769898	164777160	1
2	164777161	164778821	3
2	164778822	164779740	2
2	164779741	164785822	0
2	164785823	164792767	1
2	164792768	164793051	3
2	164793052	164793809	1
2	164793810	164804881	2
2	164804882	164805097	0
2	164805098	164822129	1
2	164822130	164822685	0
2	164822686	164826870	1
2	164826871	164827381	0
2	164827382	164828536	2
2	164828537	164830731	0
2	164830732	164832872	2
2	164832873	164833455	3
2	164833456	164839517	1
2	164839518	164840018	3
2	164840019	164841031	1
2	164841032	164857710	2
2	164857711	164879364	0
2	164879365	164891881	1
2	164891882	164894453	3
2	164894454	164911756	2
2	164911757	164940779	0
2	164940780	164955849	1
2	164955850	164960823	0
2	164960824	164999730	1
2	164999731	165000356	0
2	165000357	165034866	2
2	165034867	165055626	0
2	165055627	165072947	1
2	165072948	165078692	0
2	165078693	165090749	2
2	165090750	165111506	0
2	165111507	165234852	2
2	165234853	165276553	0
2	165276554	165287868	2
2	165287869	165288030	0
2	165288031	165326478	2
2	165326479	165351296	0
2	165351297	165368728	2
2	165368729	165374263	0
2	165374264	165388258	2
2	165388259	165393759	0
2	165393760	165400404	2
2	165400405	165405027	0
2	165405028	165473229	2
2	165473230	165490109	0
2	165490110	165493323	2
2	165493324	165503786	0
2	165503787	165519916	1
2	165519917	165595031	0
2	165595032	165771726	1
2	165771727	165784151	0
2	165784152	165899015	2
2	165899016	165992635	0
2	165992636	166073088	1
2	166073089	166073241	3
2	166073242	166155662	2
2	166155663	166566341	0
2	166566342	166713831	2
2	166713832	166792530	0
2	166792531	166799504	1
2	166799505	166805587	0
2	166805588	166898051	1
2	166898052	166906058	0
2	166906059	166946388	1
2	166946389	166947548	0
2	166947549	166996298	2
2	166996299	167015192	0
2	167015193	167034946	1
2	167034947	167035792	0
2	167035793	167063014	2
2	167063015	167095968	0
2	167095969	167190154	2
2	167190155	167191804	0
2	167191805	167240603	2
2	167240604	167298443	0
2	167298444	167349182	2
2	167349183	167421711	0
2	167421712	167476999	1
2	167477000	167481132	0
2	167481133	167492644	2
2	167492645	167492886	3
2	167492887	167516172	1
2	167516173	167538194	0
2	167538195	167542813	1
2	167542814	167607637	0
2	167607638	167661555	2
2	167661556	167688914	0
2	167688915	167690417	1
2	167690418	167932326	0
2	167932327	167979384	1
2	167979385	167980165	0
2	167980166	168010617	2
2	168010618	168081003	0
2	168081004	168101202	1
2	168101203	168180985	0
2	168180986	168207111	2
2	168207112	168209047	0
2	168209048	168230590	2
2	168230591	168230621	0
2	168230622	168232593	1
2	168232594	168260116	0
2	168260117	168281735	2
2	168281736	168476409	0
2	168476410	168601656	2
2	168601657	168634437	0
2	168634438	168742408	2
2	168742409	168748331	0
2	168748332	168767200	2
2	168767201	168893330	0
2	168893331	168955586	2
2	168955587	169582844	0
2	169582845	169587744	2
2	169587745	169633012	0
2	169633013	170071815	1
2	170071816	170108642	0
2	170108643	170142677	2
2	170142678	170346990	0
2	170346991	170427844	2
2	170427845	170482707	0
2	170482708	170496427	2
2	170496428	170497144	3
2	170497145	170519122	1
2	170519123	170579417	0
2	170579418	170602016	2
2	170602017	170731806	0
2	170731807	170879768	1
2	170879769	172036232	0
2	172036233	172043465	2
2	172043466	172248491	0
2	172248492	172251113	1
2	172251114	172345564	0
2	172345565	172355748	1
2	172355749	172356189	0
2	172356190	172370534	2
2	172370535	172370680	0
2	172370681	172382447	1
2	172382448	172393793	0
2	172393794	172433756	1
2	172433757	172440555	0
2	172440556	172450312	1
2	172450313	172458595	3
2	172458596	172469907	1
2	172469908	172472519	0
2	172472520	172474330	1
2	172474331	172549592	0
2	172549593	172558621	1
2	172558622	172868011	0
2	172868012	172940320	2
2	172940321	172979841	0
2	172979842	172993575	1
2	172993576	173000116	0
2	173000117	173015738	1
2	173015739	173020497	0
2	173020498	173034733	1
2	173034734	173093608	0
2	173093609	173119524	2
2	173119525	173153047	0
2	173153048	173159272	1
2	173159273	173206611	0
2	173206612	173218922	2
2	173218923	173224457	0
2	173224458	173276532	2
2	173276533	173522585	0
2	173522586	173528500	1
2	173528501	173568665	0
2	173568666	173578364	2
2	173578365	173659759	0
2	173659760	173707342	1
2	173707343	173719414	0
2	173719415	173722088	1
2	173722089	173737510	0
2	173737511	173784335	1
2	173784336	174076307	0
2	174076308	174099770	1
2	174099771	174110348	0
2	174110349	174123069	1
2	174123070	174284319	0
2	174284320	174330318	1
2	174330319	174338083	3
2	174338084	174346743	1
2	174346744	174415803	0
2	174415804	174427492	1
2	174427493	174427501	3
2	174427502	174439038	2
2	174439039	174450694	0
2	174450695	174457881	1
2	174457882	174461071	0
2	174461072	174464104	2
2	174464105	174465066	0
2	174465067	174473080	2
2	174473081	174643533	0
2	174643534	174710831	1
2	174710832	174760618	0
2	174760619	174784041	1
2	174784042	175010240	0
2	175010241	175019247	1
2	175019248	175061548	0
2	175061549	175067780	2
2	175067781	175129492	0
2	175129493	175142011	2
2	175142012	175166254	0
2	175166255	175175870	2
2	175175871	175191064	0
2	175191065	175206916	2
2	175206917	175275124	0
2	175275125	175286804	1
2	175286805	175321954	0
2	175321955	175338196	2
2	175338197	175372435	0
2	175372436	175384200	1
2	175384201	175422299	0
2	175422300	175435806	2
2	175435807	175469984	0
2	175469985	175482170	1
2	175482171	175643977	0
2	175643978	175653859	1
2	175653860	175692222	0
2	175692223	175703645	2
2	175703646	175741536	0
2	175741537	175751418	1
2	175751419	175789356	0
2	175789357	175801092	2
2	175801093	175869218	0
2	175869219	175881247	1
2	175881248	175918880	0
2	175918881	175931099	2
2	175931100	175965330	0
2	175965331	175980302	1
2	175980303	176141590	0
2	176141591	176149824	2
2	176149825	176226568	0
2	176226569	176240327	1
2	176240328	176317637	0
2	176317638	176319493	2
2	176319494	176423593	0
2	176423594	176435760	1
2	176435761	176473277	0
2	176473278	176486782	2
2	176486783	176521055	0
2	176521056	176532478	1
2	176532479	176622841	0
2	176622842	176636343	2
2	176636344	176670521	0
2	176670522	176681089	1
2	176681090	176708327	0
2	176708328	176721812	1
2	176721813	176798611	0
2	176798612	176811222	1
2	176811223	176831139	0
2	176831140	176836729	1
2	176836730	176914049	0
2	176914050	176927808	2
2	176927809	177000955	0
2	177000956	177012786	1
2	177012787	177074319	0
2	177074320	177087033	1
2	177087034	177193356	0
2	177193357	177206420	2
2	177206421	177264653	0
2	177264654	177267035	2
2	177267036	177314519	0
2	177314520	177324306	2
2	177324307	177387123	0
2	177387124	177398318	2
2	177398319	177464732	0
2	177464733	177478128	1
2	177478129	177498314	0
2	177498315	177509762	1
2	177509763	177569203	0
2	177569204	177578209	2
2	177578210	177762897	0
2	177762898	177770471	1
2	177770472	177831790	0
2	177831791	177840335	2
2	177840336	177897095	0
2	177897096	177903339	1
2	177903340	177905783	3
2	177905784	177925612	2
2	177925613	177935992	0
2	177935993	177957296	2
2	177957297	178023283	0
2	178023284	178034021	1
2	178034022	178067694	0
2	178067695	178078475	2
2	178078476	178118974	0
2	178118975	178338491	1
2	178338492	178345292	0
2	178345293	178407684	2
2	178407685	178411205	0
2	178411206	178414471	2
2	178414472	178414523	0
2	178414524	178424427	1
2	178424428	178430530	0
2	178430531	178487365	1
2	178487366	179442430	0
2	179442431	179899372	1
2	179899373	179912151	0
2	179912152	179976645	2
2	179976646	180024986	0
2	180024987	180035464	1
2	180035465	180036373	0
2	180036374	180042432	2
2	180042433	180042508	0
2	180042509	180070200	1
2	180070201	180071792	0
2	180071793	180085901	1
2	180085902	180099464	0
2	180099465	180104487	2
2	180104488	180119305	0
2	180119306	180162679	1
2	180162680	180171484	0
2	180171485	180176285	1
2	180176286	180176372	0
2	180176373	180225858	2
2	180225859	180257376	0
2	180257377	180258444	1
2	180258445	180258539	0
2	180258540	180273495	2
2	180273496	180277645	0
2	180277646	180289878	2
2	180289879	180325132	0
2	180325133	180334698	2
2	180334699	180456244	0
2	180456245	180474866	1
2	180474867	180499975	0
2	180499976	180544979	1
2	180544980	180581303	0
2	180581304	180586286	1
2	180586287	180589244	0
2	180589245	180595835	1
2	180595836	180597789	0
2	180597790	180621955	1
2	180621956	180622188	3
2	180622189	180642707	2
2	180642708	180657963	0
2	180657964	180709998	2
2	180709999	180710116	0
2	180710117	180718732	1
2	180718733	180725262	0
2	180725263	180742279	1
2	180742280	180774380	0
2	180774381	180776899	2
2	180776900	180904376	0
2	180904377	180920948	2
2	180920949	180929022	0
2	180929023	180934009	1
2	180934010	180934771	0
2	180934772	180954698	2
2	180954699	180967224	0
2	180967225	180982525	1
2	180982526	180986534	0
2	180986535	181018362	1
2	181018363	181018379	0
2	181018380	181043545	2
2	181043546	181075578	0
2	181075579	181135299	2
2	181135300	181147652	0
2	181147653	181157013	2
2	181157014	181187246	0
2	181187247	181188770	1
2	181188771	181193720	0
2	181193721	181202788	2
2	181202789	181205561	0
2	181205562	181213184	2
2	181213185	181220012	0
2	181220013	181222853	1
2	181222854	181227614	0
2	181227615	181242026	2
2	181242027	181251448	0
2	181251449	181288034	2
2	181288035	181306458	0
2	181306459	181314499	2
2	181314500	181319738	0
2	181319739	181356615	1
2	181356616	181357689	0
2	181357690	181364927	2
2	181364928	181365403	3
2	181365404	181383627	1
2	181383628	181387761	0
2	181387762	181459425	2
2	181459426	181493205	0
2	181493206	181494979	1
2	181494980	181497164	0
2	181497165	181517965	1
2	181517966	181520484	0
2	181520485	181555132	1
2	181555133	181569148	0
2	181569149	181591867	2
2	181591868	181592802	3
2	181592803	181595217	1
2	181595218	181599211	3
2	181599212	181655659	1
2	181655660	181657033	0
2	181657034	181659466	1
2	181659467	181669835	0
2	181669836	181671639	2
2	181671640	181680309	0
2	181680310	181688070	1
2	181688071	181688418	0
2	181688419	181693976	2
2	181693977	181696792	0
2	181696793	181698441	2
2	181698442	181715015	0
2	181715016	181720984	1
2	181720985	181763331	0
2	181763332	181827796	1
2	181827797	181837853	0
2	181837854	181857460	1
2	181857461	181864336	0
2	181864337	181870829	1
2	181870830	181991225	0
2	181991226	182001086	1
