<CHROM>	<START>	<END>	<TSB>
7	0	100022098	0
7	100022099	100034725	1
7	100034726	100082110	0
7	100082111	100121564	2
7	100121565	100159276	0
7	100159277	100161364	1
7	100161365	100176678	0
7	100176679	100184868	1
7	100184869	100227393	0
7	100227394	100278866	1
7	100278867	100285519	0
7	100285520	100319698	1
7	100319699	100326736	0
7	100326737	100372232	2
7	100372233	100372306	3
7	100372307	100470151	1
7	100470152	100472990	0
7	100472991	100486431	1
7	100486432	100493336	0
7	100493337	100501715	1
7	100501716	100502019	3
7	100502020	100514959	2
7	100514960	100537099	0
7	100537100	100540368	1
7	100540369	100545750	0
7	100545751	100607409	2
7	100607410	100608300	3
7	100608301	100641267	1
7	100641268	100642891	0
7	100642892	100662413	2
7	100662414	100706634	0
7	100706635	100841655	1
7	100841656	100845846	0
7	100845847	100863445	2
7	100863446	100869751	0
7	100869752	100932106	2
7	100932107	100937629	0
7	100937630	100964390	2
7	100964391	100996567	0
7	100996568	101012865	2
7	101012866	101092862	0
7	101092863	101284404	1
7	101284405	101285320	0
7	101285321	101302087	2
7	101302088	101317085	0
7	101317086	101346625	1
7	101346626	101348066	0
7	101348067	101512826	1
7	101512827	101576969	0
7	101576970	101585599	2
7	101585600	101663632	0
7	101663633	101795505	1
7	101795506	101818312	0
7	101818313	101822631	1
7	101822632	101822725	3
7	101822726	101838228	2
7	101838229	101839987	0
7	101839988	101857193	2
7	101857194	101858330	0
7	101858331	101863714	2
7	101863715	101864144	3
7	101864145	101870787	2
7	101870788	101898369	1
7	101898370	101899036	3
7	101899037	101899802	1
7	101899803	101901848	3
7	101901849	101905903	2
7	101905904	101906358	3
7	101906359	101912983	1
7	101912984	101921211	3
7	101921212	101926674	1
7	101926675	101933867	2
7	101933868	101934110	0
7	101934111	102014884	1
7	102014885	102014963	3
7	102014964	102018689	2
7	102018690	102019136	0
7	102019137	102065468	2
7	102065469	102065510	0
7	102065511	102096395	1
7	102096396	102096878	0
7	102096879	102101742	2
7	102101743	102102844	3
7	102102845	102111155	1
7	102111156	102111265	0
7	102111266	102116827	2
7	102116828	102119397	0
7	102119398	102210175	2
7	102210176	102210334	0
7	102210335	102238566	1
7	102238567	102239122	0
7	102239123	102256053	2
7	102256054	102267805	0
7	102267806	102437318	1
7	102437319	102441694	0
7	102441695	102469770	1
7	102469771	102476578	0
7	102476579	102481678	2
7	102481679	102482030	0
7	102482031	102488312	2
7	102488313	102491465	0
7	102491466	102499572	2
7	102499573	102534748	0
7	102534749	102535683	1
7	102535684	102540895	0
7	102540896	102545889	1
7	102545890	102549869	0
7	102549870	102555841	1
7	102555842	102557920	0
7	102557921	102565485	2
7	102565486	102571441	0
7	102571442	102583010	1
7	102583011	102583509	0
7	102583510	102591885	2
7	102591886	102597769	0
7	102597770	102608124	1
7	102608125	102611280	0
7	102611281	102618217	2
7	102618218	102638431	0
7	102638432	102642554	1
7	102642555	102658822	0
7	102658823	102659769	1
7	102659770	102664898	0
7	102664899	102673269	1
7	102673270	102677581	0
7	102677582	102687326	2
7	102687327	102695909	0
7	102695910	102700706	1
7	102700707	102702214	0
7	102702215	102712063	1
7	102712064	102712150	0
7	102712151	102719069	2
7	102719070	102723206	0
7	102723207	102727490	2
7	102727491	102738510	0
7	102738511	102759470	2
7	102759471	102771220	0
7	102771221	102776856	1
7	102776857	102803479	0
7	102803480	102804429	1
7	102804430	102855336	0
7	102855337	102858764	2
7	102858765	102877121	0
7	102877122	102878062	1
7	102878063	102883708	0
7	102883709	102890881	2
7	102890882	102894576	0
7	102894577	102901709	1
7	102901710	102905089	0
7	102905090	102917535	2
7	102917536	102924408	0
7	102924409	102928607	1
7	102928608	102941681	0
7	102941682	102942574	2
7	102942575	102948466	0
7	102948467	102949506	1
7	102949507	102952269	0
7	102952270	102958774	2
7	102958775	102962659	0
7	102962660	102971179	1
7	102971180	102975159	3
7	102975160	102975942	2
7	102975943	102981607	0
7	102981608	102989323	2
7	102989324	103038023	0
7	103038024	103044039	1
7	103044040	103051299	0
7	103051300	103052258	1
7	103052259	103081884	0
7	103081885	103088314	1
7	103088315	103097719	0
7	103097720	103098748	1
7	103098749	103118402	0
7	103118403	103125637	2
7	103125638	103140878	0
7	103140879	103147863	1
7	103147864	103154791	0
7	103154792	103156355	2
7	103156356	103169177	0
7	103169178	103178339	2
7	103178340	103184802	0
7	103184803	103192964	1
7	103192965	103211861	0
7	103211862	103212844	1
7	103212845	103216995	0
7	103216996	103222312	1
7	103222313	103249736	0
7	103249737	103252504	2
7	103252505	103305647	0
7	103305648	103312781	1
7	103312782	103316314	0
7	103316315	103322798	1
7	103322799	103323567	0
7	103323568	103329887	1
7	103329888	103335916	0
7	103335917	103339563	1
7	103339564	103343481	0
7	103343482	103349668	2
7	103349669	103357093	0
7	103357094	103362654	2
7	103362655	103383061	0
7	103383062	103386176	2
7	103386177	103415071	0
7	103415072	103419879	1
7	103419880	103440406	0
7	103440407	103445438	2
7	103445439	103449045	0
7	103449046	103453530	1
7	103453531	103455525	0
7	103455526	103464150	2
7	103464151	103469876	0
7	103469877	103471357	1
7	103471358	103490024	0
7	103490025	103498061	2
7	103498062	103505374	0
7	103505375	103512121	2
7	103512122	103516464	0
7	103516465	103520845	2
7	103520846	103537221	0
7	103537222	103542716	2
7	103542717	103548073	0
7	103548074	103555505	1
7	103555506	103556078	0
7	103556079	103563746	1
7	103563747	103563797	3
7	103563798	103569142	2
7	103569143	103573060	0
7	103573061	103586794	1
7	103586795	103590102	0
7	103590103	103600447	1
7	103600448	103600574	0
7	103600575	103604858	1
7	103604859	103609377	0
7	103609378	103612533	2
7	103612534	103638450	0
7	103638451	103642701	2
7	103642702	103657696	0
7	103657697	103663697	2
7	103663698	103665460	0
7	103665461	103671190	2
7	103671191	103682719	0
7	103682720	103683684	1
7	103683685	103714670	0
7	103714671	103721165	1
7	103721166	103730373	0
7	103730374	103733323	1
7	103733324	103739774	0
7	103739775	103744942	2
7	103744943	103753479	0
7	103753480	103757332	2
7	103757333	103765804	0
7	103765805	103771593	2
7	103771594	103774357	0
7	103774358	103779697	2
7	103779698	103784593	0
7	103784594	103791820	2
7	103791821	103812523	0
7	103812524	103813995	2
7	103813996	103826533	0
7	103826534	103828095	2
7	103828096	103839123	0
7	103839124	103840519	2
7	103840520	103841636	0
7	103841637	103843163	2
7	103843164	103851748	0
7	103851749	103853215	2
7	103853216	103879442	0
7	103879443	103886251	2
7	103886252	103889484	0
7	103889485	103894484	2
7	103894485	103903486	0
7	103903487	103908649	1
7	103908650	103928824	0
7	103928825	103929783	1
7	103929784	103934346	0
7	103934347	103940578	1
7	103940579	103944436	0
7	103944437	103948962	1
7	103948963	103971151	0
7	103971152	103987539	1
7	103987540	103998745	0
7	103998746	104004356	1
7	104004357	104006230	0
7	104006231	104017302	2
7	104017303	104018685	0
7	104018686	104025572	2
7	104025573	104035444	0
7	104035445	104042071	1
7	104042072	104046528	0
7	104046529	104052665	2
7	104052666	104053599	0
7	104053600	104061444	2
7	104061445	104066288	0
7	104066289	104071868	2
7	104071869	104081788	0
7	104081789	104085464	2
7	104085465	104104872	0
7	104104873	104109765	1
7	104109766	104127911	0
7	104127912	104129825	2
7	104129826	104140622	0
7	104140623	104143278	2
7	104143279	104148258	0
7	104148259	104150555	2
7	104150556	104153012	0
7	104153013	104164830	2
7	104164831	104177597	0
7	104177598	104183391	2
7	104183392	104188991	0
7	104188992	104195984	2
7	104195985	104218794	0
7	104218795	104235151	1
7	104235152	104244456	0
7	104244457	104262233	1
7	104262234	104263385	0
7	104263386	104288093	2
7	104288094	104299896	0
7	104299897	104315462	2
7	104315463	104329470	0
7	104329471	104336908	1
7	104336909	104338753	0
7	104338754	104353361	2
7	104353362	104355397	0
7	104355398	104369865	2
7	104369866	104382064	0
7	104382065	104400836	2
7	104400837	104409024	0
7	104409025	104465192	2
7	104465193	104470013	0
7	104470014	104507848	2
7	104507849	104550132	0
7	104550133	104554421	1
7	104554422	104560900	0
7	104560901	104568633	1
7	104568634	104577313	0
7	104577314	104584116	1
7	104584117	104587024	0
7	104587025	104590717	1
7	104590718	104595300	0
7	104595301	104601778	2
7	104601779	104613954	0
7	104613955	104621602	1
7	104621603	104624793	0
7	104624794	104637480	1
7	104637481	104642876	0
7	104642877	104647304	2
7	104647305	104666752	0
7	104666753	104674947	1
7	104674948	104686500	0
7	104686501	104691353	1
7	104691354	104768048	0
7	104768049	104777469	2
7	104777470	104840256	0
7	104840257	104842602	2
7	104842603	104857008	0
7	104857009	104862666	1
7	104862667	104878030	0
7	104878031	104882905	1
7	104882906	104891821	0
7	104891822	104895951	2
7	104895952	104914741	0
7	104914742	104921481	2
7	104921482	104922290	0
7	104922291	104928056	2
7	104928057	104934239	0
7	104934240	104940476	1
7	104940477	104957113	0
7	104957114	104962619	2
7	104962620	104972895	0
7	104972896	104979125	2
7	104979126	104995759	0
7	104995760	105002028	2
7	105002029	105021369	0
7	105021370	105028459	2
7	105028460	105032697	0
7	105032698	105037749	1
7	105037750	105051371	0
7	105051372	105059005	1
7	105059006	105064474	0
7	105064475	105071638	1
7	105071639	105081204	0
7	105081205	105090641	1
7	105090642	105090701	0
7	105090702	105092816	2
7	105092817	105116835	0
7	105116836	105125522	1
7	105125523	105140838	0
7	105140839	105147011	2
7	105147012	105154691	0
7	105154692	105163652	2
7	105163653	105178415	0
7	105178416	105186011	2
7	105186012	105201857	0
7	105201858	105207484	2
7	105207485	105288094	0
7	105288095	105289059	1
7	105289060	105311164	0
7	105311165	105319661	1
7	105319662	105328224	0
7	105328225	105334103	2
7	105334104	105335508	0
7	105335509	105342269	2
7	105342270	105368229	0
7	105368230	105369354	1
7	105369355	105371210	0
7	105371211	105375049	2
7	105375050	105378376	3
7	105378377	105400053	2
7	105400054	105404567	0
7	105404568	105408741	1
7	105408742	105425730	0
7	105425731	105470897	1
7	105470898	105480082	0
7	105480083	105482299	2
7	105482300	105554359	0
7	105554360	105558388	1
7	105558389	105558482	0
7	105558483	105581652	2
7	105581653	105591612	0
7	105591613	105600136	2
7	105600137	105604462	0
7	105604463	105633559	2
7	105633560	105634202	0
7	105634203	105640055	2
7	105640056	105640415	3
7	105640416	105721798	1
7	105721799	105731729	0
7	105731730	105736591	2
7	105736592	105736780	3
7	105736781	105737384	2
7	105737385	105739392	1
7	105739393	105742924	3
7	105742925	105744360	2
7	105744361	105744810	0
7	105744811	105752234	2
7	105752235	105752989	0
7	105752990	105787653	2
7	105787654	105803205	0
7	105803206	105811098	2
7	105811099	105895138	0
7	105895139	105953966	2
7	105953967	106156555	0
7	106156556	106215325	2
7	106215326	106675004	0
7	106675005	106680583	2
7	106680584	106684979	0
7	106684980	106691813	2
7	106691814	106711030	0
7	106711031	106716395	2
7	106716396	106740833	0
7	106740834	106742442	2
7	106742443	106749888	0
7	106749889	106755396	2
7	106755397	106787962	0
7	106787963	106793197	2
7	106793198	106805394	0
7	106805395	106808833	2
7	106808834	106814128	0
7	106814129	106821471	1
7	106821472	106823488	0
7	106823489	106833892	2
7	106833893	106843359	0
7	106843360	106846206	1
7	106846207	106863184	0
7	106863185	106866788	1
7	106866789	106871869	0
7	106871870	106876890	2
7	106876891	106882588	0
7	106882589	106888161	2
7	106888162	106890445	0
7	106890446	106901240	2
7	106901241	106908000	0
7	106908001	106916264	1
7	106916265	106922873	0
7	106922874	106932218	2
7	106932219	106943910	0
7	106943911	106948311	2
7	106948312	106953250	0
7	106953251	106963936	2
7	106963937	106969693	0
7	106969694	106975452	2
7	106975453	106996258	0
7	106996259	107006057	2
7	107006058	107031173	0
7	107031174	107040993	1
7	107040994	107070980	0
7	107070981	107077801	1
7	107077802	107093219	0
7	107093220	107099807	1
7	107099808	107103747	0
7	107103748	107110368	2
7	107110369	107125266	0
7	107125267	107131082	2
7	107131083	107138326	0
7	107138327	107150580	1
7	107150581	107166989	0
7	107166990	107198101	1
7	107198102	107209444	0
7	107209445	107210915	1
7	107210916	107370727	0
7	107370728	107548655	1
7	107548656	107567445	0
7	107567446	107591093	1
7	107591094	107595265	0
7	107595266	107623970	1
7	107623971	107625160	3
7	107625161	107748454	1
7	107748455	107748582	3
7	107748583	107758031	2
7	107758032	107781543	0
7	107781544	107801207	2
7	107801208	107812262	0
7	107812263	107816335	1
7	107816336	107820565	0
7	107820566	107825533	2
7	107825534	107842904	0
7	107842905	107847489	2
7	107847490	107897901	0
7	107897902	107907761	1
7	107907762	107930445	0
7	107930446	107935660	1
7	107935661	107954642	0
7	107954643	107955574	1
7	107955575	107964802	0
7	107964803	107969513	1
7	107969514	107986692	0
7	107986693	107992722	1
7	107992723	108029964	0
7	108029965	108033988	2
7	108033989	108050692	0
7	108050693	108056782	1
7	108056783	108064877	0
7	108064878	108067345	2
7	108067346	108079854	0
7	108079855	108085823	1
7	108085824	108092998	0
7	108092999	108097585	2
7	108097586	108100848	0
7	108100849	108105943	1
7	108105944	108120690	0
7	108120691	108127448	2
7	108127449	108158917	0
7	108158918	108159870	2
7	108159871	108171797	0
7	108171798	108172741	2
7	108172742	108208867	0
7	108208868	108214635	2
7	108214636	108251616	0
7	108251617	108258346	2
7	108258347	108285892	0
7	108285893	108288933	2
7	108288934	108313450	0
7	108313451	108318826	1
7	108318827	108322729	0
7	108322730	108323673	2
7	108323674	108346034	0
7	108346035	108346978	2
7	108346979	108365334	0
7	108365335	108368435	1
7	108368436	108393166	0
7	108393167	108397512	1
7	108397513	108420420	0
7	108420421	108424910	1
7	108424911	108465325	0
7	108465326	108467584	1
7	108467585	108520824	0
7	108520825	108525064	2
7	108525065	108544526	0
7	108544527	108545497	1
7	108545498	108564835	0
7	108564836	108565792	2
7	108565793	108610786	0
7	108610787	108615339	1
7	108615340	108621813	0
7	108621814	108622763	1
7	108622764	108629993	0
7	108629994	108631627	1
7	108631628	108644335	0
7	108644336	108651905	2
7	108651906	108666417	0
7	108666418	108670258	1
7	108670259	108713319	0
7	108713320	108714374	1
7	108714375	108750972	0
7	108750973	108756799	1
7	108756800	108825064	0
7	108825065	108825996	2
7	108825997	108844787	0
7	108844788	108850528	2
7	108850529	108867207	0
7	108867208	108872378	2
7	108872379	108880187	0
7	108880188	108885005	2
7	108885006	108893460	0
7	108893461	108894419	2
7	108894420	108921851	0
7	108921852	108930177	2
7	108930178	108934416	0
7	108934417	108942950	1
7	108942951	108950337	0
7	108950338	109034311	1
7	109034312	109034459	3
7	109034460	109083330	2
7	109083331	109138571	0
7	109138572	109175206	2
7	109175207	109279222	0
7	109279223	109439080	2
7	109439081	109449005	0
7	109449006	109508133	2
7	109508134	109519146	0
7	109519147	109522366	1
7	109522367	109523910	0
7	109523911	109703604	2
7	109703605	109703689	0
7	109703690	109712180	1
7	109712181	109712188	3
7	109712189	109723849	2
7	109723850	109727464	0
7	109727465	109731725	2
7	109731726	109735833	0
7	109735834	109752874	2
7	109752875	109758054	0
7	109758055	109782024	2
7	109782025	109798675	0
7	109798676	109865678	2
7	109865679	109893779	0
7	109893780	109960469	2
7	109960470	109972186	0
7	109972187	109986928	2
7	109986929	110018273	0
7	110018274	110056608	1
7	110056609	110061216	0
7	110061217	110095393	1
7	110095394	110122045	0
7	110122046	110143285	1
7	110143286	110221710	0
7	110221711	110283505	1
7	110283506	110308012	0
7	110308013	110614921	2
7	110614922	110627660	0
7	110627661	110629819	1
7	110629820	110768205	0
7	110768206	110812404	1
7	110812405	110813530	0
7	110813531	110844456	2
7	110844457	110850606	0
7	110850607	110863238	2
7	110863239	110868265	0
7	110868266	110982460	2
7	110982461	111028950	0
7	111028951	111056376	1
7	111056377	111067749	0
7	111067750	111083029	2
7	111083030	111471660	0
7	111471661	111779976	2
7	111779977	112023503	0
7	112023504	112111660	1
7	112111661	112116016	0
7	112116017	112159056	2
7	112159057	112225855	0
7	112225856	112413105	1
7	112413106	112427504	0
7	112427505	112591691	1
7	112591692	112679317	0
7	112679318	112906806	1
7	112906807	112953961	0
7	112953962	112957456	1
7	112957457	113207464	0
7	113207465	113314125	1
7	113314126	113315625	0
7	113315626	113369391	2
7	113369392	113385579	0
7	113385580	113388569	2
7	113388570	113513833	0
7	113513834	113571510	1
7	113571511	113765997	0
7	113765998	114043369	1
7	114043370	114046781	0
7	114046782	114117780	2
7	114117781	114215558	0
7	114215559	114254710	2
7	114254711	114264605	0
7	114264606	114276117	2
7	114276118	114415280	0
7	114415281	114539250	1
7	114539251	114549681	0
7	114549682	114562971	2
7	114562972	114631477	0
7	114631478	114636356	2
7	114636357	114718642	0
7	114718643	114723364	1
7	114723365	114743693	0
7	114743694	114850382	1
7	114850383	115470871	0
7	115470872	116038743	2
7	116038744	116039396	0
7	116039397	116082862	1
7	116082863	116084634	3
7	116084635	116105209	1
7	116105210	116123484	0
7	116123485	116308375	2
7	116308376	116331504	0
7	116331505	116334194	2
7	116334195	116337264	0
7	116337265	116443448	2
7	116443449	116504368	0
7	116504369	116540583	1
7	116540584	117380978	0
7	117380979	117673579	1
7	117673580	118104371	0
7	118104372	118116187	2
7	118116188	118118890	0
7	118118891	118129661	2
7	118129662	118131307	0
7	118131308	118243669	2
7	118243670	118380716	0
7	118380717	118448221	2
7	118448222	118485110	0
7	118485111	118491974	2
7	118491975	118509658	0
7	118509659	118533355	2
7	118533356	118535840	0
7	118535841	118584735	2
7	118584736	118597296	0
7	118597297	118675085	1
7	118675086	118688544	0
7	118688545	118705777	2
7	118705778	118712551	0
7	118712552	118737023	1
7	118737024	118740225	0
7	118740226	118842221	1
7	118842222	118842965	3
7	118842966	118855751	2
7	118855752	118855997	3
7	118855998	118856253	2
7	118856254	118972046	1
7	118972047	118972119	3
7	118972120	118972651	1
7	118972652	118995210	2
7	118995211	119140746	0
7	119140747	119184602	2
7	119184603	119442536	0
7	119442537	119459284	2
7	119459285	119462710	0
7	119462711	119479281	2
7	119479282	119486586	0
7	119486587	119523488	2
7	119523489	119526207	0
7	119526208	119543792	1
7	119543793	119554339	0
7	119554340	119600689	1
7	119600690	119607025	0
7	119607026	119662514	1
7	119662515	119690025	0
7	119690026	119714564	1
7	119714565	119715092	0
7	119715093	119720797	2
7	119720798	119760922	0
7	119760923	119768678	1
7	119768679	119784888	3
7	119784889	119787512	1
7	119787513	119794005	2
7	119794006	119794057	3
7	119794058	119848942	1
7	119848943	119852795	0
7	119852796	119895860	2
7	119895861	119896124	3
7	119896125	119896290	2
7	119896291	119922670	1
7	119922671	119956962	3
7	119956963	120095176	2
7	120095177	120102352	0
7	120102353	120120991	1
7	120120992	120126771	0
7	120126772	120145289	2
7	120145290	120173857	0
7	120173858	120185585	1
7	120185586	120186379	0
7	120186380	120202110	2
7	120202111	120203963	0
7	120203964	120325351	1
7	120325352	120328669	0
7	120328670	120407686	1
7	120407687	120421700	0
7	120421701	120544812	1
7	120544813	120635175	0
7	120635176	120658730	1
7	120658731	120659523	3
7	120659524	120670342	2
7	120670343	120677619	0
7	120677620	120734853	1
7	120734854	120739556	0
7	120739557	120805741	1
7	120805742	120812364	0
7	120812365	120831192	1
7	120831193	120842830	0
7	120842831	120907449	1
7	120907450	120917743	0
7	120917744	120947431	1
7	120947432	120957035	0
7	120957036	120982311	2
7	120982312	120982508	0
7	120982509	121014786	1
7	121014787	121034444	0
7	121034445	121064066	1
7	121064067	121074571	3
7	121074572	121076834	1
7	121076835	121083248	0
7	121083249	121163096	1
7	121163097	121391858	0
7	121391859	121501769	1
7	121501770	121642020	0
7	121642021	121707252	2
7	121707253	121734478	0
7	121734479	121768474	1
7	121768475	121865037	0
7	121865038	121880032	1
7	121880033	121918511	3
7	121918512	121981710	2
7	121981711	121986721	0
7	121986722	122021221	2
7	122021222	122038820	0
7	122038821	122067174	2
7	122067175	122067262	3
7	122067263	122082193	1
7	122082194	122085402	0
7	122085403	122101885	2
7	122101886	122107261	0
7	122107262	122132945	2
7	122132946	122133040	0
7	122133041	122149043	1
7	122149044	122159438	0
7	122159439	122169872	1
7	122169873	122169939	0
7	122169940	122186203	2
7	122186204	122219495	0
7	122219496	122222823	1
7	122222824	122289296	0
7	122289297	122634401	1
7	122634402	122670491	0
7	122670492	122769392	1
7	122769393	122965685	0
7	122965686	123002556	1
7	123002557	123124176	0
7	123124177	123195295	1
7	123195296	123214779	0
7	123214780	123273252	1
7	123273253	123279217	0
7	123279218	123369783	2
7	123369784	123369850	3
7	123369851	123369885	2
7	123369886	123430357	1
7	123430358	123462290	0
7	123462291	123468003	1
7	123468004	123475383	0
7	123475384	123500448	2
7	123500449	123982868	0
7	123982869	124398988	1
7	124398989	125444675	0
7	125444676	125462268	1
7	125462269	125467639	0
7	125467640	125491595	2
7	125491596	125552119	0
7	125552120	125579473	1
7	125579474	125603493	0
7	125603494	125633569	1
7	125633570	125640953	0
7	125640954	125707779	2
7	125707780	125707887	0
7	125707888	125874792	1
7	125874793	125878419	0
7	125878420	126082410	2
7	126082411	126101714	0
7	126101715	126200500	2
7	126200501	126272618	0
7	126272619	126295015	1
7	126295016	126363823	0
7	126363824	126369540	2
7	126369541	126370059	0
7	126370060	126377449	2
7	126377450	126382853	0
7	126382854	126396736	2
7	126396737	126408450	0
7	126408451	126414888	2
7	126414889	126429065	0
7	126429066	126445857	1
7	126445858	126445900	3
7	126445901	126463107	2
7	126463108	126466993	0
7	126466994	126475423	2
7	126475424	126487360	0
7	126487361	126490730	1
7	126490731	126491707	0
7	126491708	126503436	2
7	126503437	126546454	0
7	126546455	126566410	2
7	126566411	126571206	0
7	126571207	126584941	2
7	126584942	126585816	3
7	126585817	126589009	1
7	126589010	126589111	3
7	126589112	126594940	2
7	126594941	126623248	0
7	126623249	126625675	2
7	126625676	126649308	0
7	126649309	126672864	1
7	126672865	126672924	3
7	126672925	126676431	2
7	126676432	126689467	0
7	126689468	126695435	2
7	126695436	126695783	3
7	126695784	126697057	1
7	126697058	126699772	0
7	126699773	126707786	2
7	126707787	126759600	0
7	126759601	126765818	1
7	126765819	126766333	0
7	126766334	126775644	1
7	126775645	126776954	0
7	126776955	126780513	1
7	126780514	126781482	0
7	126781483	126785559	1
7	126785560	126785865	0
7	126785866	126792495	2
7	126792496	126795233	0
7	126795234	126797667	2
7	126797668	126799253	3
7	126799254	126800750	2
7	126800751	126800789	1
7	126800790	126809107	3
7	126809108	126830218	1
7	126830219	126830467	0
7	126830468	126831495	2
7	126831496	126847415	0
7	126847416	126850959	1
7	126850960	126852704	3
7	126852705	126861971	2
7	126861972	126862360	3
7	126862361	126865376	1
7	126865377	126865677	0
7	126865678	126884702	2
7	126884703	126886170	0
7	126886171	126922916	2
7	126922917	126928878	0
7	126928879	126945566	1
7	126945567	126945630	3
7	126945631	126949581	2
7	126949582	126950562	0
7	126950563	126970605	1
7	126970606	126972623	0
7	126972624	126975913	2
7	126975914	126975922	3
7	126975923	126980161	1
7	126980162	126986859	0
7	126986860	127014620	2
7	127014621	127015032	0
7	127015033	127021210	2
7	127021211	127022129	0
7	127022130	127027036	2
7	127027037	127027728	0
7	127027729	127042470	2
7	127042471	127050155	0
7	127050156	127087327	2
7	127087328	127091358	0
7	127091359	127093985	1
7	127093986	127107113	0
7	127107114	127122225	2
7	127122226	127133469	0
7	127133470	127137822	2
7	127137823	127191659	0
7	127191660	127196049	2
7	127196050	127197458	0
7	127197459	127208467	2
7	127208468	127208889	0
7	127208890	127214297	1
7	127214298	127214461	0
7	127214462	127232645	2
7	127232646	127233060	0
7	127233061	127238178	1
7	127238179	127244273	0
7	127244274	127254802	1
7	127254803	127256958	0
7	127256959	127260708	2
7	127260709	127271878	0
7	127271879	127274054	2
7	127274055	127296259	0
7	127296260	127335137	1
7	127335138	127342794	0
7	127342795	127345588	2
7	127345589	127372536	0
7	127372537	127376049	2
7	127376050	127382259	0
7	127382260	127387165	2
7	127387166	127389672	0
7	127389673	127393628	2
7	127393629	127403667	0
7	127403668	127406821	2
7	127406822	127418966	0
7	127418967	127422033	2
7	127422034	127442135	0
7	127442136	127449157	2
7	127449158	127470370	0
7	127470371	127476758	1
7	127476759	127479198	0
7	127479199	127491512	1
7	127491513	127511982	0
7	127511983	127561218	1
7	127561219	127561389	0
7	127561390	127566939	1
7	127566940	127573403	0
7	127573404	127582382	1
7	127582383	127583306	3
7	127583307	127588594	2
7	127588595	127588766	0
7	127588767	127604798	1
7	127604799	127607030	0
7	127607031	127615796	2
7	127615797	127666795	0
7	127666796	127708932	2
7	127708933	127712735	0
7	127712736	127718105	1
7	127718106	127718191	3
7	127718192	127732165	2
7	127732166	127744542	0
7	127744543	127769482	1
7	127769483	127769814	0
7	127769815	127775149	1
7	127775150	127776669	0
7	127776670	127800121	1
7	127800122	127800603	0
7	127800604	127803801	1
7	127803802	127803899	0
7	127803900	127824548	2
7	127824549	127841763	0
7	127841764	127849018	1
7	127849019	127863046	0
7	127863047	127876795	2
7	127876796	127876827	3
7	127876828	127885840	1
7	127885841	127885995	3
7	127885996	127890969	2
7	127890970	127893062	0
7	127893063	127895616	2
7	127895617	127904081	0
7	127904082	127910220	1
7	127910221	127912515	0
7	127912516	127925715	1
7	127925716	127925836	3
7	127925837	127930103	2
7	127930104	127932637	0
7	127932638	127946724	2
7	127946725	127967456	0
7	127967457	127985700	1
7	127985701	127989707	0
7	127989708	127993866	2
7	127993867	128003948	0
7	128003949	128011032	1
7	128011033	128062639	0
7	128062640	128128159	1
7	128128160	128129546	0
7	128129547	128150656	1
7	128150657	128154375	0
7	128154376	128205434	1
7	128205435	128205500	3
7	128205501	128223815	1
7	128223816	128234457	0
7	128234458	128237356	2
7	128237357	128238030	3
7	128238031	128245099	1
7	128245100	128246811	0
7	128246812	128255698	1
7	128255699	128265675	0
7	128265676	128271378	1
7	128271379	128272429	3
7	128272430	128298169	2
7	128298170	128373620	0
7	128373621	128418757	2
7	128418758	128439776	0
7	128439777	128461672	2
7	128461673	128523615	0
7	128523616	128546980	1
7	128546981	128611359	0
7	128611360	128696424	1
7	128696425	128696440	0
7	128696441	128740494	2
7	128740495	128744942	0
7	128744943	128784835	1
7	128784836	129257030	0
7	129257031	129391411	1
7	129391412	129591862	0
7	129591863	129635737	1
7	129635738	130162450	0
7	130162451	130577437	2
7	130577438	130716838	3
7	130716839	130728749	2
7	130728750	130764762	3
7	130764763	130774068	2
7	130774069	130825898	3
7	130825899	130865755	2
7	130865756	130913311	3
7	130913312	130936202	2
7	130936203	130985659	3
7	130985660	131032052	2
7	131032053	131121629	3
7	131121630	131174401	2
7	131174402	131250944	3
7	131250945	131333863	2
7	131333864	131336926	3
7	131336927	131371140	2
7	131371141	131387838	3
7	131387839	131410600	2
7	131410601	131448943	3
7	131448944	131542866	2
7	131542867	131544924	3
7	131544925	131548772	2
7	131548773	131556588	3
7	131556589	131560221	2
7	131560222	131571891	3
7	131571892	131966459	2
7	131966460	131994404	3
7	131994405	132610638	2
7	132610639	132706419	3
7	132706420	132859224	2
7	132859225	132885110	3
7	132885111	132931141	2
7	132931142	132986390	3
7	132986391	133124353	2
7	133124354	133587023	0
7	133587024	133602157	2
7	133602158	133637542	0
7	133637543	133672970	1
7	133672971	133674269	0
7	133674270	133680060	2
7	133680061	133686355	0
7	133686356	133709332	2
7	133709333	133710071	3
7	133710072	133720941	1
7	133720942	133721144	3
7	133721145	133776860	2
7	133776861	133782725	3
7	133782726	133881531	1
7	133881532	133883198	0
7	133883199	134232145	2
7	134232146	134265778	0
7	134265779	134376830	2
7	134376831	134670686	0
7	134670687	134884054	1
7	134884055	134938429	3
7	134938430	135173638	1
7	135173639	135258702	0
7	135258703	135272941	1
7	135272942	135410307	0
7	135410308	135413621	1
7	135413622	135511465	0
7	135511466	135528653	2
7	135528654	135537480	0
7	135537481	135686292	1
7	135686293	135689783	0
7	135689784	135716360	2
7	135716361	136894613	0
7	136894614	137130265	1
7	137130266	137193672	0
7	137193673	137314444	2
7	137314445	137375573	0
7	137375574	137410761	2
7	137410762	137437613	0
7	137437614	137468593	1
7	137468594	138208973	0
7	138208974	138397727	2
7	138397728	138835822	0
7	138835823	138846272	2
7	138846273	138846358	0
7	138846359	138883056	1
7	138883057	138890835	0
7	138890836	138909505	2
7	138909506	138940729	0
7	138940730	139026887	1
7	139026888	139064640	0
7	139064641	139083975	1
7	139083976	139086000	0
7	139086001	139102703	1
7	139102704	139103637	0
7	139103638	139212987	2
7	139212988	139213306	3
7	139213307	139242978	1
7	139242979	139248481	0
7	139248482	139267974	1
7	139267975	139389108	0
7	139389109	139579651	1
7	139579652	139581219	0
7	139581220	139582789	2
7	139582790	139600950	0
7	139600951	139683816	2
7	139683817	139834173	0
7	139834174	139878087	1
7	139878088	139894695	0
7	139894696	139941536	1
7	139941537	139943788	0
7	139943789	139945111	1
7	139945112	139972302	0
7	139972303	139978754	2
7	139978755	139978931	0
7	139978932	139992561	2
7	139992562	139995995	0
7	139995996	140036411	2
7	140036412	140036668	3
7	140036669	140040601	1
7	140040602	140046156	0
7	140046157	140049088	2
7	140049089	140069879	0
7	140069880	140082547	2
7	140082548	140093394	0
7	140093395	140096769	1
7	140096770	140097199	3
7	140097200	140102440	2
7	140102441	140105709	0
7	140105710	140115798	2
7	140115799	140116475	3
7	140116476	140137223	1
7	140137224	140137563	0
7	140137564	140150627	1
7	140150628	140150785	3
7	140150786	140154876	2
7	140154877	140159998	0
7	140159999	140164763	2
7	140164764	140173216	0
7	140173217	140178757	1
7	140178758	140198498	0
7	140198499	140205963	2
7	140205964	140218266	0
7	140218267	140231144	1
7	140231145	140247377	0
7	140247378	140299790	1
7	140299791	140320857	0
7	140320858	140327624	1
7	140327625	140334016	0
7	140334017	140338550	1
7	140338551	140343814	0
7	140343815	140361670	2
7	140361671	140371871	0
7	140371872	140376330	2
7	140376331	140399044	0
7	140399045	140402917	2
7	140402918	140415709	0
7	140415710	140421638	2
7	140421639	140463369	0
7	140463370	140468127	1
7	140468128	140484215	0
7	140484216	140497103	1
7	140497104	140500848	0
7	140500849	140507395	2
7	140507396	140567885	0
7	140567886	140575792	1
7	140575793	140601268	0
7	140601269	140617677	1
7	140617678	140628969	0
7	140628970	140638797	1
7	140638798	140646451	0
7	140646452	140653084	1
7	140653085	140659929	0
7	140659930	140678579	1
7	140678580	140681950	0
7	140681951	140696844	1
7	140696845	140697266	0
7	140697267	140705605	1
7	140705606	140763738	0
7	140763739	140774986	1
7	140774987	140777228	0
7	140777229	140787851	2
7	140787852	140807448	0
7	140807449	140835017	2
7	140835018	140837886	3
7	140837887	140845546	2
7	140845547	140846768	3
7	140846769	140847804	2
7	140847805	140851017	3
7	140851018	140856956	2
7	140856957	140857108	3
7	140857109	140857576	2
7	140857577	140863669	1
7	140863670	140863729	3
7	140863730	140864371	1
7	140864372	140881967	2
7	140881968	140882297	3
7	140882298	140882308	2
7	140882309	140898642	1
7	140898643	140898944	0
7	140898945	140900445	2
7	140900446	140920901	0
7	140920902	140929191	1
7	140929192	140941547	0
7	140941548	140947663	1
7	140947664	140948957	0
7	140948958	140955986	2
7	140955987	140967220	0
7	140967221	140969824	1
7	140969825	141009585	0
7	141009586	141010769	2
7	141010770	141015698	0
7	141015699	141017923	2
7	141017924	141029130	0
7	141029131	141029619	1
7	141029620	141061103	0
7	141061104	141072399	1
7	141072400	141078217	0
7	141078218	141090509	1
7	141090510	141091174	0
7	141091175	141100545	2
7	141100546	141101211	0
7	141101212	141117805	2
7	141117806	141130255	0
7	141130256	141157605	1
7	141157606	141160325	0
7	141160326	141172856	2
7	141172857	141189104	0
7	141189105	141194004	2
7	141194005	141194156	0
7	141194157	141209991	1
7	141209992	141210054	3
7	141210055	141214079	2
7	141214080	141215859	0
7	141215860	141218657	1
7	141218658	141228788	0
7	141228789	141262705	1
7	141262706	141262749	3
7	141262750	141266480	2
7	141266481	141269082	0
7	141269083	141276785	2
7	141276786	141278330	0
7	141278331	141279132	2
7	141279133	141292005	0
7	141292006	141296463	1
7	141296464	141297179	0
7	141297180	141327671	2
7	141327672	141327887	0
7	141327888	141337155	1
7	141337156	141338879	0
7	141338880	141363019	1
7	141363020	141392198	0
7	141392199	141402967	1
7	141402968	141407793	0
7	141407794	141414135	2
7	141414136	141426445	0
7	141426446	141429490	2
7	141429491	141429743	0
7	141429744	141437891	2
7	141437892	141438112	0
7	141438113	141444024	2
7	141444025	141447369	0
7	141447370	141451584	1
7	141451585	141455197	0
7	141455198	141460742	1
7	141460743	141461093	0
7	141461094	141466612	1
7	141466613	141467392	0
7	141467393	141471472	1
7	141471473	141471859	0
7	141471860	141475131	2
7	141475132	141475239	0
7	141475240	141493135	1
7	141493136	141493426	3
7	141493427	141539856	2
7	141539857	141562172	0
7	141562173	141633010	1
7	141633011	141633455	0
7	141633456	141655318	2
7	141655319	141690339	0
7	141690340	141698781	1
7	141698782	141699185	0
7	141699186	141701483	1
7	141701484	141702096	0
7	141702097	141702774	1
7	141702775	141704164	0
7	141704165	141704610	1
7	141704611	141744611	0
7	141744612	141754692	1
7	141754693	141788971	0
7	141788972	141819230	1
7	141819231	141839069	0
7	141839070	141873083	1
7	141873084	141874812	0
7	141874813	141918506	2
7	141918507	141949750	0
7	141949751	142004246	1
7	142004247	142008534	0
7	142008535	142061064	2
7	142061065	142079489	0
7	142079490	142095842	2
7	142095843	142120069	0
7	142120070	142120728	2
7	142120729	142135335	0
7	142135336	142136033	2
7	142136034	142143340	0
7	142143341	142144606	2
7	142144607	142156453	0
7	142156454	142157112	2
7	142157113	142164695	0
7	142164696	142165738	2
7	142165739	142174534	0
7	142174535	142176004	2
7	142176005	142189426	0
7	142189427	142190388	2
7	142190389	142201363	0
7	142201364	142203014	1
7	142203015	142211858	0
7	142211859	142212589	1
7	142212590	142228794	0
7	142228795	142229970	2
7	142229971	142240343	0
7	142240344	142241077	2
7	142241078	142257646	0
7	142257647	142258353	2
7	142258354	142273763	0
7	142273764	142274362	2
7	142274363	142296333	0
7	142296334	142297117	2
7	142297118	142303548	0
7	142303549	142304593	1
7	142304594	142326109	0
7	142326110	142388037	2
7	142388038	142434976	0
7	142434977	142440395	1
7	142440396	142441807	0
7	142441808	142444409	1
7	142444410	142460808	0
7	142460809	142494866	1
7	142494867	142498835	0
7	142498836	142516007	1
7	142516008	142533011	0
7	142533012	142540746	1
7	142540747	142650765	0
7	142650766	142669941	2
7	142669942	142678655	0
7	142678656	142743380	2
7	142743381	142892751	0
7	142892752	142931127	2
7	142931128	142966828	0
7	142966829	142969263	2
7	142969264	143005045	0
7	143005046	143019643	1
7	143019644	143052738	0
7	143052739	143067933	1
7	143067934	143069152	0
7	143069153	143069248	2
7	143069249	143071092	3
7	143071093	143094641	2
7	143094642	143106361	0
7	143106362	143427041	1
7	143427042	143458338	0
7	143458339	143461049	2
7	143461050	143473735	0
7	143473736	143499333	1
7	143499334	143501544	0
7	143501545	143502992	2
7	143502993	143513578	0
7	143513579	143549105	2
7	143549106	143557229	0
7	143557230	143600089	2
7	143600090	143607658	0
7	143607659	143628721	2
7	143628722	143634805	0
7	143634806	143649660	2
7	143649661	143667613	0
7	143667614	143685871	2
7	143685872	143688761	0
7	143688762	143756984	2
7	143756985	143763709	0
7	143763710	143766992	2
7	143766993	143778362	0
7	143778363	143784499	2
7	143784500	143795583	0
7	143795584	143822840	2
7	143822841	143823166	0
7	143823167	143848409	1
7	143848410	143866848	0
7	143866849	143897510	1
7	143897511	144001927	0
7	144001928	144424493	1
7	144424494	144435732	0
7	144435733	144471008	2
7	144471009	144476757	0
7	144476758	144553728	2
7	144553729	144577317	0
7	144577318	144582462	2
7	144582463	144588548	0
7	144588549	144751973	2
7	144751974	144838082	0
7	144838083	144844435	1
7	144844436	144847366	0
7	144847367	144865242	1
7	144865243	144896530	0
7	144896531	144900952	1
7	144900953	144915099	0
7	144915100	144929930	1
7	144929931	144930747	3
7	144930748	144931700	1
7	144931701	144939868	2
7	144939869	145205824	0
7	145205825	145208079	2
7	145208080	145253922	0
7	145253923	145284010	2
7	145284011	145300827	0
7	145300828	145309556	1
7	145309557	145314834	0
7	145314835	145324085	1
