<CHROM>	<START>	<END>	<TSB>
17	0	1005009	0
17	1005010	1125754	2
17	1125755	10300864	0
17	10300865	10373129	2
17	10373130	10390321	0
17	10390322	10421949	2
17	10421950	10443289	0
17	10443290	10469558	2
17	10469559	10492306	0
17	10492307	10518542	2
17	10518543	10521147	0
17	10521148	10549956	2
17	10549957	10628526	0
17	10628527	10657308	2
17	10657309	10672473	0
17	10672474	10697567	2
17	10697568	10697593	0
17	10697594	10699014	1
17	10699015	10711232	3
17	10711233	10730315	2
17	10730316	10794912	0
17	10794913	10804098	2
17	10804099	10822474	0
17	10822475	10838444	2
17	10838445	11241262	0
17	11241263	11564062	1
17	11564063	11598430	0
17	11598431	11969747	1
17	11969748	11977438	0
17	11977439	11997509	2
17	11997510	12020823	0
17	12020824	12143829	1
17	12143830	12665988	0
17	12665989	12768948	1
17	12768949	12789538	0
17	12789539	12991642	1
17	12991643	12992390	0
17	12992391	13018186	2
17	13018187	13495688	0
17	13495689	13601926	2
17	13601927	14069495	0
17	14069496	14208676	1
17	14208677	14235672	0
17	14235673	14236861	2
17	14236862	14301082	0
17	14301083	14349403	1
17	14349404	15229776	0
17	15229777	15265356	2
17	15265357	15303810	0
17	15303811	15341640	2
17	15341641	15436014	0
17	15436015	15563594	2
17	15563595	15565482	0
17	15565483	15684309	2
17	15684310	15699576	0
17	15699577	15720786	1
17	15720787	15732246	0
17	15732247	15749191	1
17	15749192	15944916	0
17	15944917	15975745	1
17	15975746	15976559	0
17	15976560	15999379	2
17	15999380	15999691	3
17	15999692	16029156	1
17	16029157	16045014	3
17	16045015	16217208	2
17	16217209	16218184	3
17	16218185	16342533	1
17	16342534	16348800	3
17	16348801	16353498	2
17	16353499	16380797	0
17	16380798	16382741	1
17	16382742	16415541	0
17	16415542	16437002	1
17	16437003	16442013	0
17	16442014	16492152	2
17	16492153	16551386	0
17	16551387	16569205	2
17	16569206	16620736	0
17	16620737	16653855	2
17	16653856	16690231	0
17	16690232	16777880	1
17	16777881	16933064	0
17	16933065	16972117	2
17	16972118	17042544	0
17	17042545	17200994	1
17	17200995	17206314	3
17	17206315	17212211	1
17	17212212	17217678	3
17	17217679	17237181	2
17	17237182	17246819	0
17	17246820	17281292	2
17	17281293	17303334	0
17	17303335	17347660	1
17	17347661	17476985	0
17	17476986	17493225	1
17	17493226	17494436	0
17	17494437	17496394	2
17	17496395	17505562	0
17	17505563	17591707	2
17	17591708	17681472	0
17	17681473	17811452	1
17	17811453	17812072	0
17	17812073	17837001	2
17	17837002	17843510	0
17	17843511	17972421	2
17	17972422	17972812	0
17	17972813	18016206	1
17	18016207	18016872	3
17	18016873	18016888	1
17	18016889	18039208	2
17	18039209	18039291	0
17	18039292	18068403	1
17	18068404	18087885	0
17	18087886	18107970	1
17	18107971	18108705	0
17	18108706	18179805	1
17	18179806	18183077	0
17	18183078	18209953	1
17	18209954	18225586	0
17	18225587	18244835	1
17	18244836	18244874	3
17	18244875	18258915	2
17	18258916	18260533	0
17	18260534	18266551	1
17	18266552	18272837	0
17	18272838	18315006	2
17	18315007	18315309	0
17	18315310	18327859	1
17	18327860	18328054	3
17	18328055	18363562	2
17	18363563	18377661	0
17	18377662	18389646	1
17	18389647	18476736	0
17	18476737	18494944	1
17	18494945	18635005	0
17	18635006	18644426	2
17	18644427	18658428	0
17	18658429	18682258	2
17	18682259	18722088	0
17	18722089	18736117	1
17	18736118	18744023	0
17	18744024	18779348	1
17	18779349	18780994	0
17	18780995	18806713	1
17	18806714	18840084	0
17	18840085	18931286	1
17	18931287	18950344	0
17	18950345	18968788	1
17	18968789	19004803	3
17	19004804	19020672	1
17	19020673	19022594	3
17	19022595	19047636	2
17	19047637	19127468	0
17	19127469	19159175	1
17	19159176	19215614	0
17	19215615	19336714	1
17	19336715	19337553	0
17	19337554	19377720	2
17	19377721	19378181	3
17	19378182	19383441	1
17	19383442	19383542	3
17	19383543	19383543	1
17	19383544	19387239	2
17	19387240	19411124	0
17	19411125	19417275	1
17	19417276	19533461	0
17	19533462	19579033	1
17	19579034	19648135	0
17	19648136	19677597	1
17	19677598	19678287	0
17	19678288	19716729	2
17	19716730	19737983	0
17	19737984	19748942	2
17	19748943	19770829	0
17	19770830	19867935	2
17	19867936	19904301	0
17	19904302	19977836	2
17	19977837	20009362	0
17	20009363	20319025	1
17	20319026	20449394	0
17	20449395	20467534	2
17	20467535	20579723	0
17	20579724	20580910	1
17	20580911	20863394	0
17	20863395	20896139	2
17	20896140	20999592	0
17	20999593	21043759	2
17	21043760	21123363	0
17	21123364	21193264	1
17	21193265	21197279	0
17	21197280	21214623	2
17	21214624	21238869	0
17	21238870	21253409	2
17	21253410	21284671	0
17	21284672	21315239	1
17	21315240	21376196	0
17	21376197	21419871	1
17	21419872	21528309	0
17	21528310	21551679	2
17	21551680	21692522	0
17	21692523	21704611	1
17	21704612	22523110	0
17	22523111	22524662	1
17	22524663	27294075	0
17	27294076	27315925	1
17	27315926	27456469	0
17	27456470	27626437	1
17	27626438	27629797	0
17	27629798	27649559	1
17	27649560	27756765	0
17	27756766	27893382	2
17	27893383	28042155	0
17	28042156	28196380	1
17	28196381	28319094	0
17	28319095	28328324	1
17	28328325	28328684	3
17	28328685	28335488	2
17	28335489	28335601	0
17	28335602	28347008	1
17	28347009	28347176	0
17	28347177	28357521	2
17	28357522	28357580	0
17	28357581	28363682	1
17	28363683	28364267	0
17	28364268	28371661	2
17	28371662	28373090	3
17	28373091	28394755	1
17	28394756	28404048	3
17	28404049	28407196	2
17	28407197	28473292	0
17	28473293	28497780	1
17	28497781	28506242	0
17	28506243	28538895	1
17	28538896	28546706	0
17	28546707	28552667	2
17	28552668	28553386	0
17	28553387	28571871	2
17	28571872	28573114	0
17	28573115	28577263	2
17	28577264	28577573	0
17	28577574	28614199	2
17	28614200	28614439	0
17	28614440	28645453	2
17	28645454	28648355	0
17	28648356	28662090	2
17	28662091	28662174	3
17	28662175	28702683	1
17	28702684	28703196	0
17	28703197	28711853	2
17	28711854	28714280	0
17	28714281	28718428	2
17	28718429	28719392	0
17	28719393	28724347	1
17	28724348	28724358	3
17	28724359	28725896	2
17	28725897	28726207	3
17	28726208	28727934	2
17	28727935	28743454	1
17	28743455	28743983	0
17	28743984	28750957	1
17	28750958	28755977	0
17	28755978	28854937	2
17	28854938	28854989	3
17	28854990	28855045	2
17	28855046	28855231	3
17	28855232	28861066	1
17	28861067	28879334	0
17	28879335	28897678	2
17	28897679	28897780	0
17	28897781	28903070	2
17	28903071	28905249	0
17	28905250	28951770	2
17	28951771	28954900	0
17	28954901	29006439	2
17	29006440	29042899	0
17	29042900	29057219	1
17	29057220	29071123	0
17	29071124	29180411	2
17	29180412	29246862	0
17	29246863	29254482	1
17	29254483	29255835	0
17	29255836	29294117	2
17	29294118	29390463	0
17	29390464	29551903	1
17	29551904	29560546	0
17	29560547	29567136	2
17	29567137	29567179	0
17	29567180	29573156	1
17	29573157	29573468	0
17	29573469	29589768	2
17	29589769	29594053	3
17	29594054	29614755	1
17	29614756	29614759	3
17	29614760	29614760	1
17	29614761	29622903	2
17	29622904	29625937	0
17	29625938	29929199	2
17	29929200	29930151	3
17	29930152	29930275	2
17	29930276	30108451	1
17	30108452	30116780	0
17	30116781	30186474	1
17	30186475	30194318	0
17	30194319	30236001	2
17	30236002	30248194	0
17	30248195	30292041	2
17	30292042	30316332	0
17	30316333	30334058	2
17	30334059	30378904	0
17	30378905	30469988	1
17	30469989	30477361	0
17	30477362	30527591	1
17	30527592	30557111	0
17	30557112	30563492	1
17	30563493	30772362	0
17	30772363	30824775	2
17	30824776	30831969	0
17	30831970	30895868	1
17	30895869	30898982	0
17	30898983	30906819	2
17	30906820	30921679	0
17	30921680	30959321	1
17	30959322	30970200	0
17	30970201	30999910	1
17	30999911	31094926	0
17	31094927	31294646	1
17	31294647	31297410	3
17	31297411	31303765	1
17	31303766	31314111	3
17	31314112	31317559	1
17	31317560	31321031	3
17	31321032	31377676	1
17	31377677	31391623	0
17	31391624	31538216	1
17	31538217	31851863	0
17	31851864	31859336	2
17	31859337	31860898	0
17	31860899	31901764	2
17	31901765	31937017	0
17	31937018	32001044	1
17	32001045	32007871	0
17	32007872	32053503	1
17	32053504	32142453	0
17	32142454	32253373	1
17	32253374	32266175	0
17	32266176	32324564	1
17	32324565	32324660	3
17	32324661	32350022	2
17	32350023	32350116	0
17	32350117	32381885	1
17	32381886	32444260	0
17	32444261	32483317	1
17	32483318	32486618	0
17	32486619	32491255	1
17	32491256	32492521	0
17	32492522	32877176	2
17	32877177	32927909	0
17	32927910	32945105	1
17	32945106	32970375	0
17	32970376	32997876	1
17	32997877	33013086	0
17	33013087	34157293	2
17	34157294	34255284	0
17	34255285	34257202	1
17	34257203	34270220	0
17	34270221	34272241	1
17	34272242	34285667	0
17	34285668	34288333	1
17	34288334	34319035	0
17	34319036	34321401	1
17	34321402	34356451	0
17	34356452	34358609	1
17	34358610	34360327	0
17	34360328	34363230	2
17	34363231	34579486	0
17	34579487	34639317	1
17	34639318	34927858	0
17	34927859	34961529	2
17	34961530	34963774	3
17	34963775	34980493	2
17	34980494	34981077	3
17	34981078	35005989	1
17	35005990	35009742	3
17	35009743	35121492	2
17	35121493	35121578	0
17	35121579	35128752	1
17	35128753	35130731	3
17	35130732	35142314	2
17	35142315	35147816	0
17	35147817	35189344	1
17	35189345	35192519	0
17	35192520	35194522	2
17	35194523	35243035	0
17	35243036	35273654	1
17	35273655	35350304	0
17	35350305	35373700	2
17	35373701	35411059	0
17	35411060	35433282	2
17	35433283	35435095	0
17	35435096	35448836	2
17	35448837	35473688	0
17	35473689	35537860	2
17	35537861	35548124	0
17	35548125	35558097	2
17	35558098	35574794	0
17	35574795	35578045	2
17	35578046	35578628	3
17	35578629	35578862	2
17	35578863	35726408	1
17	35726409	35731648	0
17	35731649	35743520	1
17	35743521	35744510	0
17	35744511	35752877	2
17	35752878	35756248	0
17	35756249	35760896	2
17	35760897	35764613	3
17	35764614	35795706	2
17	35795707	35809454	0
17	35809455	35854950	1
17	35854951	35864614	3
17	35864615	35868890	2
17	35868891	35871490	0
17	35871491	35880792	2
17	35880793	35918065	0
17	35918066	35930772	2
17	35930773	35934517	0
17	35934518	35943698	2
17	35943699	35976498	0
17	35976499	35981495	2
17	35981496	35983290	0
17	35983291	35987003	2
17	35987004	35996439	0
17	35996440	36002037	2
17	36002038	36013055	0
17	36013056	36017967	2
17	36017968	36064279	0
17	36064280	36072031	1
17	36072032	36088255	0
17	36088256	36090140	2
17	36090141	36103589	0
17	36103590	36105620	1
17	36105621	36165680	0
17	36165681	36176635	2
17	36176636	36194868	0
17	36194869	36196757	2
17	36196758	36210923	0
17	36210924	36212877	1
17	36212878	36253455	0
17	36253456	36264552	2
17	36264553	36323883	0
17	36323884	36334758	1
17	36334759	36377530	0
17	36377531	36388422	2
17	36388423	36428617	0
17	36428618	36439565	2
17	36439566	36486628	0
17	36486629	36495632	1
17	36495633	36495822	3
17	36495823	36498147	1
17	36498148	36534987	2
17	36534988	36535019	0
17	36535020	36539309	1
17	36539310	36544887	0
17	36544888	36589847	1
17	36589848	36591797	0
17	36591798	36600805	1
17	36600806	36601571	0
17	36601572	36608970	1
17	36608971	36937474	0
17	36937475	36944611	1
17	36944612	36948874	0
17	36948875	37056870	1
17	37056871	37084987	0
17	37084988	37375985	2
17	37375986	37392705	3
17	37392706	37406779	2
17	37406780	37406873	0
17	37406874	37479729	1
17	37479730	37489830	0
17	37489831	37513500	1
17	37513501	37514796	0
17	37514797	37609495	2
17	37609496	37609777	0
17	37609778	37643463	2
17	37643464	37686431	0
17	37686432	37745246	2
17	37745247	37924414	0
17	37924415	37935364	1
17	37935365	37977971	0
17	37977972	37989047	2
17	37989048	38003975	0
17	38003976	38014901	1
17	38014902	38057692	0
17	38057693	38068591	2
17	38068592	38127950	0
17	38127951	38138861	1
17	38138862	38181658	0
17	38181659	38192540	2
17	38192541	38297022	0
17	38297023	38323217	1
17	38323218	38325609	0
17	38325610	38343809	2
17	38343810	38352227	0
17	38352228	38405592	1
17	38405593	38428417	0
17	38428418	38512391	1
17	38512392	38530015	0
17	38530016	38605929	2
17	38605930	38671702	0
17	38671703	38675420	2
17	38675421	38705541	0
17	38705542	38729802	1
17	38729803	38730234	0
17	38730235	38733896	1
17	38733897	38735020	3
17	38735021	38749816	2
17	38749817	38752735	0
17	38752736	38764230	1
17	38764231	38765688	0
17	38765689	38800125	2
17	38800126	38800433	0
17	38800434	38825480	2
17	38825481	38835087	0
17	38835088	38841454	2
17	38841455	38847864	0
17	38847865	38853842	2
17	38853843	38869858	0
17	38869859	38921769	1
17	38921770	38925167	0
17	38925168	38929383	1
17	38929384	38936431	0
17	38936432	38967401	2
17	38967402	39063302	0
17	39063303	39154393	2
17	39154394	39156893	0
17	39156894	39165759	2
17	39165760	39173455	0
17	39173456	39197702	2
17	39197703	39200282	0
17	39200283	39204726	1
17	39204727	39210535	0
17	39210536	39225871	2
17	39225872	39252643	0
17	39252644	39402522	2
17	39402523	39404284	0
17	39404285	39451285	2
17	39451286	39461510	0
17	39461511	39535145	1
17	39535146	39604779	0
17	39604780	39607942	2
17	39607943	39626739	0
17	39626740	39636625	1
17	39636626	39637064	0
17	39637065	39663483	1
17	39663484	39664186	0
17	39664187	39666554	1
17	39666555	39667980	0
17	39667981	39670474	1
17	39670475	39671121	0
17	39671122	39687913	2
17	39687914	39688056	3
17	39688057	39688118	2
17	39688119	39696796	3
17	39696797	39728661	1
17	39728662	39729155	0
17	39729156	39730786	2
17	39730787	39737926	0
17	39737927	39747290	1
17	39747291	39757714	0
17	39757715	39864187	2
17	39864188	39868163	0
17	39868164	39877895	1
17	39877896	39904594	0
17	39904595	39918649	2
17	39918650	39921040	0
17	39921041	39927600	2
17	39927601	39941473	0
17	39941474	39944746	1
17	39944747	39953262	0
17	39953263	39977765	1
17	39977766	39980796	0
17	39980797	39997959	1
17	39997960	40015360	0
17	40015361	40017812	1
17	40017813	40019096	0
17	40019097	40058289	2
17	40058290	40061214	3
17	40061215	40092786	1
17	40092787	40093612	3
17	40093613	40093866	1
17	40093867	40100724	2
17	40100725	40122297	0
17	40122298	40136915	1
17	40136916	40140322	0
17	40140323	40172182	1
17	40172183	40177009	0
17	40177010	40195655	1
17	40195656	40219303	0
17	40219304	40284135	1
17	40284136	40287632	0
17	40287633	40304656	1
17	40304657	40309191	0
17	40309192	40357642	1
17	40357643	40362930	0
17	40362931	40363814	2
17	40363815	40388515	0
17	40388516	40417949	2
17	40417950	40443460	0
17	40443461	40457730	1
17	40457731	40475827	0
17	40475828	40501596	2
17	40501597	40553768	0
17	40553769	40565471	2
17	40565472	40624961	0
17	40624962	40648863	2
17	40648864	40655619	0
17	40655620	40665140	2
17	40665141	40697990	0
17	40697991	40703749	2
17	40703750	40748020	0
17	40748021	40755331	2
17	40755332	40766237	0
17	40766238	40772161	2
17	40772162	40776807	0
17	40776808	40782533	2
17	40782534	40792202	0
17	40792203	40799958	2
17	40799959	40818116	0
17	40818117	40819105	2
17	40819106	40822594	3
17	40822595	40836273	1
17	40836274	40861302	0
17	40861303	40867209	2
17	40867210	40875940	0
17	40875941	40885226	2
17	40885227	40922695	0
17	40922696	40937485	2
17	40937486	40958416	0
17	40958417	40966891	2
17	40966892	40977715	0
17	40977716	40987134	2
17	40987135	40993429	0
17	40993430	40994132	2
17	40994133	40999192	0
17	40999193	40999893	2
17	40999894	41008520	0
17	41008521	41009113	2
17	41009114	41026025	0
17	41026026	41027201	2
17	41027202	41029696	0
17	41029697	41030103	2
17	41030104	41033883	0
17	41033884	41034854	2
17	41034855	41040558	0
17	41040559	41041460	2
17	41041461	41046540	0
17	41046541	41047315	2
17	41047316	41054497	0
17	41054498	41055229	2
17	41055230	41059239	0
17	41059240	41060113	2
17	41060114	41065115	0
17	41065116	41065878	2
17	41065879	41084149	0
17	41084150	41085140	1
17	41085141	41096980	0
17	41096981	41098140	2
17	41098141	41101501	0
17	41101502	41102208	2
17	41102209	41105331	0
17	41105332	41106487	1
17	41106488	41117180	0
17	41117181	41118359	2
17	41118360	41123090	0
17	41123091	41124166	2
17	41124167	41139432	0
17	41139433	41140486	2
17	41140487	41148923	0
17	41148924	41149801	2
17	41149802	41159650	0
17	41159651	41160730	2
17	41160731	41167230	0
17	41167231	41168193	2
17	41168194	41177445	0
17	41177446	41178207	2
17	41178208	41184101	0
17	41184102	41185341	2
17	41185342	41189886	0
17	41189887	41190638	1
17	41190639	41226647	0
17	41226648	41227651	1
17	41227652	41232462	0
17	41232463	41233453	1
17	41233454	41238044	0
17	41238045	41239003	1
17	41239004	41249686	0
17	41249687	41250652	1
17	41250653	41255383	0
17	41255384	41256363	1
17	41256364	41265338	0
17	41265339	41266640	1
17	41266641	41275658	0
17	41275659	41276696	1
17	41276697	41301825	0
17	41301826	41302850	2
17	41302851	41307699	0
17	41307700	41309252	2
17	41309253	41314916	0
17	41314917	41315694	2
17	41315695	41346091	0
17	41346092	41350811	2
17	41350812	41363493	0
17	41363494	41369799	2
17	41369800	41377649	0
17	41377650	41382402	2
17	41382403	41393723	0
17	41393724	41397591	2
17	41397592	41420752	0
17	41420753	41424522	2
17	41424523	41436445	0
17	41436446	41440920	2
17	41440921	41459810	0
17	41459811	41467428	2
17	41467429	41476688	0
17	41476689	41481139	2
17	41481140	41486135	0
17	41486136	41492545	2
17	41492546	41500980	0
17	41500981	41505704	2
17	41505705	41513742	0
17	41513743	41522528	2
17	41522529	41523616	0
17	41523617	41528307	2
17	41528308	41565840	0
17	41565841	41572057	2
17	41572058	41582278	0
17	41582279	41586920	2
17	41586921	41609777	0
17	41609778	41615898	2
17	41615899	41619436	0
17	41619437	41624841	2
17	41624842	41688886	0
17	41688887	41692667	1
17	41692668	41712325	0
17	41712326	41715968	1
17	41715969	41717741	0
17	41717742	41734643	2
17	41734644	41754603	0
17	41754604	41786930	2
17	41786931	41801946	0
17	41801947	41812603	2
17	41812604	41812679	0
17	41812680	41823216	1
17	41823217	41825199	0
17	41825200	41835684	2
17	41835685	41836259	3
17	41836260	41836262	2
17	41836263	41848383	1
17	41848384	41853544	0
17	41853545	41865430	2
17	41865431	41866907	0
17	41866908	41930541	2
17	41930542	41930655	0
17	41930656	41965650	1
17	41965651	41966740	0
17	41966741	41976432	1
17	41976433	41977730	3
17	41977731	42011381	2
17	42011382	42017652	3
17	42017653	42020050	2
17	42020051	42021375	3
17	42021376	42025575	1
17	42025576	42025643	3
17	42025644	42098478	2
17	42098479	42101403	0
17	42101404	42112732	2
17	42112733	42113107	0
17	42113108	42121430	2
17	42121431	42123351	3
17	42123352	42155043	2
17	42155044	42156890	0
17	42156891	42181277	2
17	42181278	42184059	0
17	42184060	42185451	2
17	42185452	42188798	0
17	42188799	42194531	2
17	42194532	42199167	0
17	42199168	42276706	2
17	42276707	42287546	0
17	42287547	42311942	1
17	42311943	42313323	0
17	42313324	42388567	2
17	42388568	42402451	0
17	42402452	42423516	2
17	42423517	42458843	0
17	42458844	42522610	1
17	42522611	42536171	0
17	42536172	42544448	1
17	42544449	42549213	0
17	42549214	42555212	1
17	42555213	42562133	0
17	42562134	42566274	1
17	42566275	42567067	0
17	42567068	42572314	1
17	42572315	42573238	3
17	42573239	42577830	2
17	42577831	42579514	0
17	42579515	42609675	2
17	42609676	42610622	3
17	42610623	42615233	1
17	42615234	42659304	0
17	42659305	42667005	1
17	42667006	42667913	0
17	42667914	42676993	2
17	42676994	42678888	0
17	42678889	42682612	2
17	42682613	42683063	3
17	42683064	42683916	2
17	42683917	42699813	1
17	42699814	42700274	0
17	42700275	42745048	2
17	42745049	42760774	0
17	42760775	42763040	1
17	42763041	42773435	0
17	42773436	42779598	1
17	42779599	42780677	0
17	42780678	42796935	1
17	42796936	42797633	0
17	42797634	42798703	2
17	42798704	42798791	0
17	42798792	42810133	1
17	42810134	42810634	3
17	42810635	42824425	2
17	42824426	42833349	3
17	42833350	42843757	1
17	42843758	42844599	0
17	42844600	42850706	1
17	42850707	42851183	0
17	42851184	42858129	1
17	42858130	42900796	0
17	42900797	42913368	1
17	42913369	42950525	0
17	42950526	42980527	2
17	42980528	42980564	0
17	42980565	42993689	1
17	42993690	42998272	0
17	42998273	43002958	1
17	43002959	43006724	0
17	43006725	43014455	1
17	43014456	43014604	0
17	43014605	43025122	2
17	43025123	43025240	0
17	43025241	43032035	1
17	43032036	43044294	0
17	43044295	43170244	2
17	43170245	43170480	0
17	43170481	43211688	1
17	43211689	43211834	0
17	43211835	43220040	1
17	43220041	43221428	0
17	43221429	43305396	2
17	43305397	43398958	0
17	43398959	43401136	1
17	43401137	43483962	0
17	43483963	43527843	1
17	43527844	43544462	3
17	43544463	43579619	2
17	43579620	43640387	0
17	43640388	43661953	2
17	43661954	43753730	0
17	43753731	43758787	2
17	43758788	43766120	0
17	43766121	43778987	2
17	43778988	43780434	0
17	43780435	43787611	1
17	43787612	43800798	0
17	43800799	43833169	2
17	43833170	43847147	0
17	43847148	43863628	1
17	43863629	43875356	0
17	43875357	43909710	2
17	43909711	43940803	0
17	43940804	43942467	2
17	43942468	43952737	0
17	43952738	44004468	2
17	44004469	44004545	0
17	44004546	44009059	1
17	44009060	44011187	0
17	44011188	44023150	2
17	44023151	44034634	0
17	44034635	44067618	2
17	44067619	44070734	0
17	44070735	44076343	1
17	44076344	44076745	0
17	44076746	44123701	2
17	44123702	44141905	0
17	44141906	44162475	1
17	44162476	44170446	0
17	44170447	44179082	1
17	44179083	44186969	0
17	44186970	44191730	1
17	44191731	44191804	0
17	44191805	44199851	2
17	44199852	44205032	0
17	44205033	44221625	2
17	44221626	44248384	0
17	44248385	44268133	2
17	44268134	44308558	0
17	44308559	44318670	1
17	44318671	44319624	0
17	44319625	44324869	2
17	44324870	44345085	0
17	44345086	44353101	1
17	44353102	44353214	0
17	44353215	44363874	2
17	44363875	44372179	0
17	44372180	44389504	2
17	44389505	44397415	0
17	44397416	44503400	2
17	44503401	44557458	0
17	44557459	44559569	1
17	44559570	44656403	0
17	44656404	44673068	1
17	44673069	44675798	3
17	44675799	44689778	2
17	44689779	44708607	0
17	44708608	44752263	1
17	44752264	44759030	0
17	44759031	44781845	1
17	44781846	44798447	0
17	44798448	44830815	2
17	44830816	44846352	0
17	44846353	44849942	1
17	44849943	44850475	3
17	44850476	44850479	1
17	44850480	44899141	2
17	44899142	44899661	3
17	44899662	44903160	1
17	44903161	44903678	3
17	44903679	44904079	1
17	44904080	44905389	3
17	44905390	44916936	2
17	44916937	44924708	0
17	44924709	44947710	2
17	44947711	44959692	0
17	44959693	44968070	2
17	44968071	45023339	0
17	45023340	45051609	2
17	45051610	45061017	3
17	45061018	45061108	2
17	45061109	45108966	1
17	45108967	45109015	3
17	45109016	45132599	2
17	45132600	45133353	3
17	45133354	45144180	1
17	45144181	45148501	0
17	45148502	45152100	1
17	45152101	45160699	0
17	45160700	45170039	1
17	45170040	45221788	0
17	45221789	45247319	1
17	45247320	45254392	0
17	45254393	45262111	2
17	45262112	45263120	0
17	45263121	45317039	2
17	45317040	45393901	0
17	45393902	45434420	2
17	45434421	45435899	0
17	45435900	45490743	2
17	45490744	45620343	0
17	45620344	45835827	1
17	45835828	45844834	0
17	45844835	45847071	1
17	45847072	45894381	0
17	45894382	46028333	1
17	46028334	46029915	0
17	46029916	46225388	2
17	46225389	46274783	0
17	46274784	46292732	2
17	46292733	46337791	3
17	46337792	46361796	2
17	46361797	46511510	0
17	46511511	46516701	1
17	46516702	46555649	3
17	46555650	46579681	2
17	46579682	46590668	0
17	46590669	46757463	1
17	46757464	46762505	0
17	46762506	46818759	2
17	46818760	46833200	0
17	46833201	46886729	1
17	46886730	46923074	0
17	46923075	46975523	1
17	46975524	46978155	0
17	46978156	46979247	2
17	46979248	47117702	0
17	47117703	47189265	2
17	47189266	47209034	0
17	47209035	47223678	1
17	47223679	47253845	0
17	47253846	47311815	1
17	47311816	47323289	0
17	47323290	47441311	1
17	47441312	47522941	0
17	47522942	47623275	1
17	47623276	47649475	0
17	47649476	47685504	1
17	47685505	47694080	0
17	47694081	47712049	1
17	47712050	47733243	0
17	47733244	47746118	1
17	47746119	47807371	0
17	47807372	47821833	2
17	47821834	47823271	0
17	47823272	47831533	2
17	47831534	47831626	0
17	47831627	47837691	1
17	47837692	47837712	3
17	47837713	47841332	2
17	47841333	47844907	0
17	47844908	47855873	2
17	47855874	47896149	0
17	47896150	47928956	1
17	47928957	47941505	0
17	47941506	47949307	1
17	47949308	47951966	0
17	47951967	47957877	2
17	47957878	47967809	0
17	47967810	47981771	1
17	47981772	48026166	0
17	48026167	48038029	2
17	48038030	48048328	0
17	48048329	48061486	1
17	48061487	48070051	0
17	48070052	48101520	2
17	48101521	48103356	0
17	48103357	48123073	1
17	48123074	48133439	0
17	48133440	48430218	2
17	48430219	48528525	0
17	48528526	48531000	2
17	48531001	48542654	0
17	48542655	48544988	2
17	48544989	48548869	0
17	48548870	48590271	2
17	48590272	48591256	0
17	48591257	48593960	2
17	48593961	48595750	0
17	48595751	48604991	2
17	48604992	48607226	0
17	48607227	48611019	2
17	48611020	48611376	0
17	48611377	48614938	2
17	48614939	48621158	0
17	48621159	48626355	2
17	48626356	48721718	0
17	48721719	48722521	2
17	48722522	48723167	0
17	48723168	48724757	1
17	48724758	48724762	0
17	48724763	48729177	2
17	48729178	48762234	0
17	48762235	48817213	2
17	48817214	48830987	0
17	48830988	48865244	1
17	48865245	48892764	0
17	48892765	48895870	1
17	48895871	48908368	0
17	48908369	48929055	1
17	48929056	48929315	0
17	48929316	48945116	2
17	48945117	48958553	0
17	48958554	48968595	2
17	48968596	48997411	0
17	48997412	49055649	1
17	49055650	49132459	0
17	49132460	49176839	1
17	49176840	49202790	0
17	49202791	49210226	2
17	49210227	49210573	3
17	49210574	49223224	1
17	49223225	49223361	0
17	49223362	49230765	2
17	49230766	49294564	0
17	49294565	49362472	2
17	49362473	49404048	0
17	49404049	49414904	2
17	49414905	49495292	0
17	49495293	49515016	1
17	49515017	49575857	0
17	49575858	49582289	1
17	49582290	49598883	0
17	49598884	49678233	2
17	49678234	49700942	0
17	49700943	49709013	2
17	49709014	49710331	0
17	49710332	49788554	2
17	49788555	49788591	3
17	49788592	49835029	1
17	49835030	49838308	0
17	49838309	49848016	2
17	49848017	49969173	0
17	49969174	49974958	1
17	49974959	49990004	0
17	49990005	49995223	2
17	49995224	50056109	0
17	50056110	50090480	1
17	50090481	50094736	0
17	50094737	50110039	1
17	50110040	50111057	3
17	50111058	50111308	1
17	50111309	50112151	3
17	50112152	50129881	2
17	50129882	50133734	0
17	50133735	50150629	2
17	50150630	50166004	0
17	50166005	50175930	1
17	50175931	50183288	0
17	50183289	50201631	2
17	50201632	50271405	0
17	50271406	50281484	1
17	50281485	50346091	0
17	50346092	50363137	1
17	50363138	50367856	0
17	50367857	50373213	2
17	50373214	50373219	0
17	50373220	50375058	1
17	50375059	50381458	3
17	50381459	50381482	1
17	50381483	50397552	2
17	50397553	50426157	0
17	50426158	50464495	1
17	50464496	50465424	3
17	50465425	50474836	1
17	50474837	50478799	0
17	50478800	50485974	1
17	50485975	50508383	0
17	50508384	50531500	1
17	50531501	50532542	0
17	50532543	50543749	1
17	50543750	50547088	0
17	50547089	50555851	1
17	50555852	50561067	0
17	50561068	50627473	1
17	50627474	50634776	0
17	50634777	50692251	1
17	50692252	50693189	0
17	50693190	50707923	2
17	50707924	50719543	0
17	50719544	50756212	1
17	50756213	50761173	0
17	50761174	50767556	2
17	50767557	50834649	0
17	50834650	50842347	1
17	50842348	50862222	0
17	50862223	50867977	2
17	50867978	50962173	0
17	50962174	51120864	2
17	51120865	51153535	0
17	51153536	51171746	1
17	51171747	51177424	0
17	51177425	51260065	2
17	51260066	51260527	0
17	51260528	51297935	1
17	51297936	51630312	0
17	51630313	52160016	2
17	52160017	53822900	0
17	53822901	53825212	1
17	53825213	54899386	0
17	54899387	54961205	1
17	54961206	54961955	3
17	54961956	54968764	2
17	54968765	54968784	3
17	54968785	55173631	1
17	55173632	55265011	0
17	55265012	55325064	1
17	55325065	55392612	0
17	55392613	55421991	2
17	55421992	55448432	0
17	55448433	55511443	2
17	55511444	55719626	0
17	55719627	55732120	2
17	55732121	55750978	0
17	55750979	55823089	1
17	55823090	55882300	0
17	55882301	56511658	1
17	56511659	56593698	0
17	56593699	56595589	1
17	56595590	56791912	0
17	56791913	56833895	2
17	56833896	56834098	0
17	56834099	56869566	1
17	56869567	56887908	0
17	56887909	56914037	2
17	56914038	56938186	0
17	56938187	56961053	2
17	56961054	56978104	0
17	56978105	57006762	1
17	57006763	57085091	0
17	57085092	57121348	1
17	57121349	57255850	0
17	57255851	57684684	1
17	57684685	57744480	0
17	57744481	57745311	2
17	57745312	57834780	0
17	57834781	57850055	2
17	57850056	57861242	0
17	57861243	57955322	2
17	57955323	57971546	0
17	57971547	57988258	2
17	57988259	57989037	0
17	57989038	58007345	2
17	58007346	58083414	0
17	58083415	58095535	1
17	58095536	58148448	0
17	58148449	58159554	1
17	58159555	58166981	0
17	58166982	58171410	1
17	58171411	58192736	0
17	58192737	58205173	1
17	58205174	58205436	0
17	58205437	58218547	2
17	58218548	58219304	3
17	58219305	58219604	2
17	58219605	58268517	1
17	58268518	58269855	0
17	58269856	58280934	2
17	58280935	58301230	0
17	58301231	58328759	2
17	58328760	58345177	0
17	58345178	58417581	2
17	58417582	58420166	0
17	58420167	58488383	2
17	58488384	58489528	0
17	58489529	58517904	2
17	58517905	58520249	0
17	58520250	58540817	2
17	58540818	58541586	0
17	58541587	58544367	2
17	58544368	58556677	0
17	58556678	58692054	2
17	58692055	58692572	0
17	58692573	58735610	1
17	58735611	58755868	0
17	58755869	58982637	1
17	58982638	58985175	3
17	58985176	59106920	2
17	59106921	59109950	0
17	59109951	59155268	2
17	59155269	59155498	0
17	59155499	59215246	1
17	59215247	59220472	0
17	59220473	59275504	1
17	59275505	59331701	0
17	59331702	59401728	1
17	59401729	59565524	0
17	59565525	59608344	1
17	59608345	59619688	0
17	59619689	59696955	1
17	59696956	59697305	0
17	59697306	59707464	2
17	59707465	59707597	3
17	59707598	59707625	2
17	59707626	59841091	1
17	59841092	59859481	0
17	59859482	59892944	2
17	59892945	59893045	0
17	59893046	59952239	1
17	59952240	59964718	3
17	59964719	59973100	1
17	59973101	60043193	0
17	60043194	60078930	2
17	60078931	60149935	0
17	60149936	60159545	1
17	60159546	60179093	0
17	60179094	60392428	2
17	60392429	60422469	3
17	60422470	60431420	1
17	60431421	60443148	0
17	60443149	60526218	2
17	60526219	60600182	0
17	60600183	60666279	1
17	60666280	60677452	0
17	60677453	61392837	1
17	61392838	61399895	0
17	61399896	61409424	1
17	61409425	61452403	0
17	61452404	61485109	1
17	61485110	61590425	0
17	61590426	61591201	2
17	61591202	61681265	0
17	61681266	61863520	2
17	61863521	61865366	0
17	61865367	61928015	2
17	61928016	61942604	0
17	61942605	62065281	2
17	62065282	62370217	0
17	62370218	62416478	1
17	62416479	62423866	0
17	62423867	62450821	1
17	62450822	62458657	0
17	62458658	62613663	1
17	62613664	62627400	0
17	62627401	62693596	1
17	62693597	62701313	0
17	62701314	62808343	2
17	62808344	63009555	0
17	63009556	63427698	1
17	63427699	63432303	0
17	63432304	63446377	2
17	63446378	63477060	0
17	63477061	63498379	1
17	63498380	63523333	0
17	63523334	63548976	1
17	63548977	63550460	0
17	63550461	63594265	1
17	63594266	63600871	0
17	63600872	63608364	1
17	63608365	63622414	0
17	63622415	63695901	1
17	63695902	63696302	3
17	63696303	63701171	2
17	63701172	63702818	0
17	63702819	63741985	2
17	63741986	63745249	0
17	63745250	63773602	2
17	63773603	63773774	3
17	63773775	63773862	2
17	63773863	63776350	3
17	63776351	63819316	1
17	63819317	63819432	0
17	63819433	63827151	2
17	63827152	63827670	3
17	63827671	63832025	1
17	63832026	63832080	0
17	63832081	63843064	2
17	63843065	63872011	0
17	63872012	63873765	2
17	63873766	63880214	0
17	63880215	63881934	2
17	63881935	63894908	0
17	63894909	63896660	2
17	63896661	63909596	0
17	63909597	63918837	2
17	63918838	63928739	0
17	63928740	63932353	2
17	63932354	63938553	0
17	63938554	63972917	2
17	63972918	63998350	0
17	63998351	64002593	1
17	64002594	64004303	3
17	64004304	64020633	2
17	64020634	64039141	0
17	64039142	64130818	2
17	64130819	64147226	0
17	64147227	64263300	2
17	64263301	64319414	0
17	64319415	64413775	2
17	64413776	64449036	0
17	64449037	64468642	1
17	64468643	64477784	0
17	64477785	64497035	2
17	64497036	64499615	0
17	64499616	64506587	2
17	64506588	64506730	3
17	64506731	64506974	2
17	64506975	64507529	3
17	64507530	64542460	1
17	64542461	64545364	0
17	64545365	64662067	2
17	64662068	64854311	0
17	64854312	64919479	2
17	64919480	65010714	0
17	65010715	65056838	2
17	65056839	65100985	0
17	65100986	65227702	1
17	65227703	65528562	0
17	65528563	65561646	2
17	65561647	65635537	0
17	65635538	66192078	2
17	66192079	66212032	0
17	66212033	66256524	2
17	66256525	66302825	0
17	66302826	66810742	1
17	66810743	66835116	0
17	66835117	66885485	1
17	66885486	66964909	0
17	66964910	67033397	1
17	67033398	67044589	0
17	67044590	67056796	1
17	67056797	67070437	0
17	67070438	67245988	2
17	67245989	67337915	0
17	67337916	67366626	2
17	67366627	67377280	0
17	67377281	67697260	1
17	67697261	67717832	0
17	67717833	67744530	1
17	67744531	67825523	0
17	67825524	67984377	1
17	67984378	67991100	0
17	67991101	67996430	2
17	67996431	68035518	0
17	68035519	68046841	1
17	68046842	68247573	0
17	68247574	68257163	1
17	68257164	68259181	0
17	68259182	68267025	1
17	68267026	68291115	3
17	68291116	68421281	1
17	68421282	68422730	3
17	68422731	68457478	2
17	68457479	68511779	0
17	68511780	68535116	1
17	68535117	68540576	3
17	68540577	68551318	1
17	68551319	68601388	2
17	68601389	68867291	0
17	68867292	68955391	2
17	68955392	68974487	0
17	68974488	69061063	2
17	69061064	69078701	0
17	69078702	69141887	2
17	69141888	69147213	0
17	69147214	69327243	2
17	69327244	69414697	0
17	69414698	69553860	1
17	69553861	70053428	0
17	70053429	70135607	1
17	70135608	70168672	0
17	70168673	70180047	1
17	70180048	72121019	0
17	72121020	72126419	1
17	72126420	72645948	0
17	72645949	73092711	2
17	73092712	73165011	0
17	73165012	73176632	1
17	73176633	73192631	0
17	73192632	73207352	1
17	73207353	73208502	3
17	73208503	73208506	1
17	73208507	73232232	2
17	73232233	73232366	3
17	73232367	73232393	2
17	73232394	73248448	1
17	73248449	73248946	3
17	73248947	73262351	2
17	73262352	73283623	0
17	73283624	73312174	2
17	73312175	73334383	0
17	73334384	73644088	2
17	73644089	74203581	0
17	74203582	74210654	1
17	74210655	74213513	0
17	74213514	74262019	1
17	74262020	74274246	0
17	74274247	74314883	1
17	74314884	74326209	0
17	74326210	74355819	1
17	74355820	74356415	0
17	74356416	74361945	2
17	74361946	74367457	0
17	74367458	74372599	1
17	74372600	74424850	0
17	74424851	74451652	1
17	74451653	74466415	0
17	74466416	74484795	1
17	74484796	74521173	0
17	74521174	74531473	2
17	74531474	74541107	0
17	74541108	74546142	2
17	74546143	74579364	0
17	74579365	74592282	2
17	74592283	74609886	0
17	74609887	74623737	2
17	74623738	74670577	0
17	74670578	74694310	1
17	74694311	74705254	3
17	74705255	74747334	1
17	74747335	74748651	0
17	74748652	74769352	1
17	74769353	74770546	0
17	74770547	74776364	2
17	74776365	74776482	0
17	74776483	74839778	1
17	74839779	74842022	0
17	74842023	74860534	2
17	74860535	74862496	0
17	74862497	74873030	2
17	74873031	74877298	0
17	74877299	74893780	2
17	74893781	74916083	0
17	74916084	74923255	2
17	74923256	74924274	0
17	74924275	74933911	1
17	74933912	74935718	0
17	74935719	74949991	1
17	74949992	74950743	0
17	74950744	74972770	2
17	74972771	74987631	0
17	74987632	75005799	1
17	75005800	75012669	0
17	75012670	75021260	1
17	75021261	75032611	0
17	75032612	75038862	1
17	75038863	75046962	3
17	75046963	75065883	1
17	75065884	75087726	0
17	75087727	75106161	1
17	75106162	75109951	0
17	75109952	75130224	1
17	75130225	75130264	3
17	75130265	75131794	2
17	75131795	75135247	0
17	75135248	75182982	2
17	75182983	75205658	0
17	75205659	75235757	1
17	75235758	75236598	0
17	75236599	75261673	2
17	75261674	75261803	3
17	75261804	75261911	2
17	75261912	75262360	3
17	75262361	75262362	2
17	75262363	75266227	1
17	75266228	75266372	3
17	75266373	75271226	2
17	75271227	75272980	0
17	75272981	75289509	2
17	75289510	75318075	0
17	75318076	75405708	2
17	75405709	75441158	0
17	75441159	75500081	1
17	75500082	75500260	0
17	75500261	75515582	2
17	75515583	75516059	0
17	75516060	75524738	1
17	75524739	75525079	0
17	75525080	75575207	1
17	75575208	75588057	0
17	75588058	75626483	1
17	75626484	75626853	0
17	75626854	75633433	2
17	75633434	75641403	3
17	75641404	75646242	2
17	75646243	75647974	3
17	75647975	75667115	2
17	75667116	75667141	3
17	75667142	75667188	2
17	75667189	75708058	1
17	75708059	75721327	0
17	75721328	75751593	1
17	75751594	75757603	3
17	75757604	75757817	1
17	75757818	75765710	2
17	75765711	75776433	0
17	75776434	75784770	2
17	75784771	75785485	3
17	75785486	75825798	1
17	75825799	75827224	0
17	75827225	75844716	2
17	75844717	75845698	0
17	75845699	75856506	2
17	75856507	75874160	0
17	75874161	75878574	2
17	75878575	75880334	0
17	75880335	75897002	2
17	75897003	75898642	0
17	75898643	75905412	2
17	75905413	75909573	0
17	75909574	75941037	2
17	75941038	75941506	0
17	75941507	75979219	2
17	75979220	75979362	3
17	75979363	76000585	1
17	76000586	76000905	0
17	76000906	76004501	1
17	76004502	76005998	3
17	76005999	76027451	2
17	76027452	76038774	0
17	76038775	76072652	2
17	76072653	76074793	0
17	76074794	76077540	1
17	76077541	76079181	0
17	76079182	76081016	1
17	76081017	76082665	3
17	76082666	76121575	2
17	76121576	76136332	0
17	76136333	76141298	2
17	76141299	76142452	0
17	76142453	76240372	2
17	76240373	76265201	0
17	76265202	76271298	1
17	76271299	76274048	0
17	76274049	76307997	2
17	76307998	76309485	0
17	76309486	76376583	2
17	76376584	76384520	3
17	76384521	76387859	1
17	76387860	76389450	0
17	76389451	76453205	2
17	76453206	76453350	0
17	76453351	76470116	1
17	76470117	76470895	0
17	76470896	76501789	2
17	76501790	76527355	0
17	76527356	76540032	2
17	76540033	76543837	3
17	76543838	76551174	2
17	76551175	76563709	0
17	76563710	76586127	2
17	76586128	76624762	0
17	76624763	76643837	2
17	76643838	76672550	0
17	76672551	76711015	2
17	76711016	76712831	0
17	76712832	76726798	2
17	76726799	76726829	0
17	76726830	76734114	1
17	76734115	76737332	3
17	76737333	76781448	1
17	76781449	76868455	0
17	76868456	76950381	1
17	76950382	77088748	0
17	77088749	77217100	1
17	77217101	77280568	0
17	77280569	77500595	1
17	77500596	77959239	0
17	77959240	78108834	1
17	78108835	78110457	0
17	78110458	78130769	2
17	78130770	78131594	3
17	78131595	78132406	2
17	78132407	78142967	1
17	78142968	78146352	0
17	78146353	78166176	1
17	78166177	78168557	0
17	78168558	78173526	1
17	78173527	78174074	0
17	78174075	78187232	2
17	78187233	78187316	0
17	78187317	78207700	1
17	78207701	78214185	0
17	78214186	78225635	1
17	78225636	78231309	0
17	78231310	78240986	1
17	78240987	78356777	0
17	78356778	78360076	2
17	78360077	78378639	0
17	78378640	78423696	1
17	78423697	78424553	3
17	78424554	78577393	2
17	78577394	78674047	0
17	78674048	78782296	2
17	78782297	78787380	0
17	78787381	78841440	2
17	78841441	78852976	0
17	78852977	78925386	2
17	78925387	78971237	0
17	78971238	78980108	2
17	78980109	78991716	0
17	78991717	79009866	2
17	79009867	79022813	0
17	79022814	79049787	1
17	79049788	79074944	0
17	79074945	79086695	1
17	79086696	79089344	0
17	79089345	79516147	2
17	79516148	79730918	0
17	79730919	79742221	1
17	79742222	79778131	0
17	79778132	79787982	1
17	79787983	79792131	0
17	79792132	79801532	2
17	79801533	79833155	0
17	79833156	79839428	2
17	79839429	79932342	0
17	79932343	80035847	2
17	80035848	80036631	0
17	80036632	80100612	1
17	80100613	80101555	0
17	80101556	80119878	1
17	80119879	80135213	0
17	80135214	80147182	2
17	80147183	80169991	0
17	80169992	80207655	1
17	80207656	80209330	3
17	80209331	80219698	2
17	80219699	80220399	3
17	80220400	80220426	2
17	80220427	80220922	3
17	80220923	80253499	1
17	80253500	80260865	0
17	80260866	80398785	1
17	80398786	80415166	0
17	80415167	80438085	1
17	80438086	80467147	0
17	80467148	80476603	2
17	80476604	80544876	0
17	80544877	80966367	1
17	80966368	80991597	0
17	80991598	81009516	1
17	81009517	81035121	0
17	81035122	81117294	1
17	81117295	81117431	3
17	81117432	81165506	2
17	81165507	81166016	3
17	81166017	81183163	1
17	81183164	81189592	0
17	81189593	81222998	2
17	81222999	81228276	0
17	81228277	81239090	2
17	81239091	81239238	0
17	81239239	81241280	1
17	81241281	81244999	0
17	81245000	81295546	2
17	81295547	81311269	0
17	81311270	81330673	2
17	81330674	81395474	0
17	81395475	81466331	1
17	81466332	81509970	0
17	81509971	81523846	2
17	81523847	81528395	0
17	81528396	81537129	1
17	81537130	81539884	0
17	81539885	81553960	2
17	81553961	81556886	0
17	81556887	81637145	2
17	81637146	81637197	0
17	81637198	81648747	1
17	81648748	81650458	0
17	81650459	81663111	2
17	81663112	81665035	0
17	81665036	81666363	2
17	81666364	81666587	3
17	81666588	81666594	2
17	81666595	81673898	1
17	81673899	81681173	0
17	81681174	81683325	2
17	81683326	81683923	3
17	81683924	81702118	1
17	81702119	81703356	0
17	81703357	81721015	1
17	81721016	81804133	0
17	81804134	81814012	1
17	81814013	81822360	0
17	81822361	81833301	2
17	81833302	81833491	0
17	81833492	81835049	2
17	81835050	81843158	0
17	81843159	81860693	2
17	81860694	81867720	0
17	81867721	81871405	2
17	81871406	81887843	0
17	81887844	81890789	2
17	81890790	81891585	3
17	81891586	81900964	1
17	81900965	81900990	3
17	81900991	81902897	1
17	81902898	81911463	2
17	81911464	81911938	0
17	81911939	81927713	2
17	81927714	81932383	0
17	81932384	81947232	2
17	81947233	81952506	0
17	81952507	81961839	2
17	81961840	81976806	0
17	81976807	82017405	1
17	82017406	82018701	0
17	82018702	82023301	2
17	82023302	82024106	3
17	82024107	82031150	1
17	82031151	82031623	0
17	82031624	82034201	1
17	82034202	82035135	0
17	82035136	82037731	2
17	82037732	82047901	0
17	82047902	82050947	2
17	82050948	82051773	3
17	82051774	82057469	1
17	82057470	82057505	0
17	82057506	82065886	2
17	82065887	82078332	0
17	82078333	82098331	2
17	82098332	82101469	0
17	82101470	82212812	2
17	82212813	82228396	0
17	82228397	82239726	1
17	82239727	82240085	3
17	82240086	82242666	1
17	82242667	82261128	3
17	82261129	82273730	2
17	82273731	82314867	0
17	82314868	82317601	2
17	82317602	82321023	0
17	82321024	82334073	2
17	82334074	82359246	0
17	82359247	82363775	1
17	82363776	82374229	0
17	82374230	82375585	1
17	82375586	82389222	0
17	82389223	82418317	2
17	82418318	82418636	3
17	82418637	82442588	1
17	82442589	82442644	3
17	82442645	82450828	2
17	82450829	82458179	0
17	82458180	82490536	1
17	82490537	82519714	0
17	82519715	82604606	1
17	82604607	82614561	0
17	82614562	82648534	2
17	82648535	82654972	0
17	82654973	82698727	2
17	82698728	82716682	0
17	82716683	82728016	1
17	82728017	82735574	0
17	82735575	82751196	1
17	82751197	82752063	0
17	82752064	82829434	1
17	82829435	82840577	3
17	82840578	82943790	1
17	82943791	82945921	3
17	82945922	83051809	2
17	83051810	83079690	0
17	83079691	83095118	1
