<CHROM>	<START>	<END>	<TSB>
19	0	10020760	0
19	10020761	10022069	1
19	10022070	10086129	0
19	10086130	10092337	1
19	10092338	10093244	3
19	10093245	10102795	2
19	10102796	10106222	0
19	10106223	10115016	1
19	10115017	10115371	3
19	10115372	10119901	2
19	10119902	10133345	0
19	10133346	10231330	2
19	10231331	10251900	0
19	10251901	10260044	1
19	10260045	10270834	0
19	10270835	10286614	1
19	10286615	10286966	0
19	10286967	10288521	1
19	10288522	10289980	0
19	10289981	10296777	1
19	10296778	10304802	0
19	10304803	10309879	2
19	10309880	10310044	0
19	10310045	10316014	2
19	10316015	10316211	0
19	10316212	10333639	2
19	10333640	10333775	0
19	10333776	10339822	2
19	10339823	10350528	0
19	10350529	10380675	2
19	10380676	10391133	0
19	10391134	10416772	2
19	10416773	10420120	3
19	10420121	10469630	1
19	10469631	10486119	0
19	10486120	10503740	2
19	10503741	10512741	0
19	10512742	10517930	2
19	10517931	10543917	0
19	10543918	10553077	1
19	10553078	10553417	3
19	10553418	10566036	2
19	10566037	10566461	0
19	10566462	10569058	2
19	10569059	10572670	0
19	10572671	10587314	2
19	10587315	10602456	0
19	10602457	10644558	1
19	10644559	10654260	0
19	10654261	10692416	1
19	10692417	10701450	0
19	10701451	10713364	1
19	10713365	10718078	0
19	10718079	10832437	1
19	10832438	10833487	3
19	10833488	10836317	2
19	10836318	10836574	0
19	10836575	10869789	1
19	10869790	10871512	0
19	10871513	10922184	1
19	10922185	10923069	3
19	10923070	10928680	2
19	10928681	10928732	0
19	10928733	10930253	1
19	10930254	10960824	0
19	10960825	11079425	1
19	11079426	11089361	0
19	11089362	11131519	1
19	11131520	11132162	3
19	11132163	11133815	1
19	11133816	11155807	2
19	11155808	11164266	0
19	11164267	11197547	2
19	11197548	11199294	0
19	11199295	11237449	2
19	11237450	11241942	3
19	11241943	11262451	2
19	11262452	11296138	0
19	11296139	11322045	1
19	11322046	11326995	3
19	11326996	11345300	2
19	11345301	11346269	3
19	11346270	11346504	2
19	11346505	11346517	3
19	11346518	11354943	1
19	11354944	11355385	0
19	11355386	11365697	1
19	11365698	11374684	0
19	11374685	11376950	1
19	11376951	11377204	0
19	11377205	11384311	2
19	11384312	11394056	0
19	11394057	11419341	2
19	11419342	11420603	0
19	11420604	11435287	2
19	11435288	11435781	3
19	11435782	11450967	1
19	11450968	11451325	0
19	11451326	11481032	2
19	11481033	11483426	0
19	11483427	11529173	2
19	11529174	11538716	0
19	11538717	11550322	1
19	11550323	11551146	0
19	11551147	11559235	2
19	11559236	11559447	0
19	11559448	11574659	1
19	11574660	11578984	3
19	11578985	11619134	1
19	11619135	11721264	0
19	11721265	11739008	2
19	11739009	11767091	0
19	11767092	11784077	1
19	11784078	11798529	0
19	11798530	11808092	1
19	11808093	11814283	0
19	11814284	11835200	1
19	11835201	11848760	0
19	11848761	11869490	1
19	11869491	11887783	0
19	11887784	11914328	1
19	11914329	11925067	0
19	11925068	11980380	1
19	11980381	12014731	0
19	12014732	12035740	2
19	12035741	12043804	0
19	12043805	12052938	2
19	12052939	12064698	0
19	12064699	12081564	1
19	12081565	12092262	0
19	12092263	12092842	1
19	12092843	12114850	3
19	12114851	12140406	2
19	12140407	12142089	0
19	12142090	12156728	2
19	12156729	12163063	0
19	12163064	12189880	1
19	12189881	12271811	0
19	12271812	12294886	2
19	12294887	12317476	0
19	12317477	12333719	2
19	12333720	12345948	0
19	12345949	12365904	2
19	12365905	12390015	0
19	12390016	12441111	2
19	12441112	12461183	0
19	12461184	12551541	2
19	12551542	12577960	0
19	12577961	12610802	2
19	12610803	12610917	0
19	12610918	12633839	1
19	12633840	12646512	0
19	12646513	12666799	2
19	12666800	12669396	3
19	12669397	12675716	1
19	12675717	12675831	3
19	12675832	12681901	2
19	12681902	12687997	0
19	12687998	12688421	1
19	12688422	12688916	0
19	12688917	12696642	2
19	12696643	12699193	0
19	12699194	12724010	2
19	12724011	12730639	0
19	12730640	12734774	2
19	12734775	12737138	0
19	12737139	12748322	1
19	12748323	12751701	0
19	12751702	12758457	1
19	12758458	12763002	0
19	12763003	12778456	2
19	12778457	12791495	0
19	12791496	12793314	1
19	12793315	12796819	0
19	12796820	12801858	2
19	12801859	12802048	0
19	12802049	12804388	1
19	12804389	12806555	0
19	12806556	12815200	1
19	12815201	12825477	0
19	12825478	12833950	2
19	12833951	12834575	3
19	12834576	12835427	2
19	12835428	12874950	1
19	12874951	12875210	0
19	12875211	12881467	2
19	12881468	12884421	0
19	12884422	12887198	2
19	12887199	12891025	0
19	12891026	12898785	1
19	12898786	12899968	3
19	12899969	12914206	1
19	12914207	12919275	2
19	12919276	12922478	0
19	12922479	12934036	2
19	12934037	12938606	0
19	12938607	12944488	1
19	12944489	12945875	0
19	12945876	12953118	1
19	12953119	12953622	3
19	12953623	12953641	1
19	12953642	12957235	2
19	12957236	12965158	0
19	12965159	12974761	1
19	12974762	12995607	0
19	12995608	13098795	1
19	13098796	13099032	0
19	13099033	13103160	2
19	13103161	13104901	0
19	13104902	13117566	2
19	13117567	13118102	0
19	13118103	13141140	1
19	13141141	13144057	0
19	13144058	13150382	2
19	13150383	13150414	0
19	13150415	13154907	1
19	13154908	13206441	0
19	13206442	13633024	2
19	13633025	13731759	0
19	13731760	13763295	1
19	13763296	13764531	0
19	13764532	13778461	1
19	13778462	13795459	0
19	13795460	13832229	1
19	13832230	13877246	0
19	13877247	13880749	1
19	13880750	13882347	0
19	13882348	13906200	2
19	13906201	13906451	3
19	13906452	13930878	1
19	13930879	13931186	0
19	13931187	13952491	2
19	13952492	13953380	3
19	13953381	13953391	2
19	13953392	13961448	1
19	13961449	13961537	0
19	13961538	14006284	2
19	14006285	14028147	0
19	14028148	14031041	1
19	14031042	14031747	0
19	14031748	14053215	1
19	14053216	14053364	0
19	14053365	14059158	2
19	14059159	14072535	0
19	14072536	14075061	1
19	14075062	14081618	0
19	14081619	14085788	2
19	14085789	14087839	0
19	14087840	14091035	2
19	14091036	14091687	0
19	14091688	14118083	2
19	14118084	14119508	0
19	14119509	14136955	2
19	14136956	14147742	0
19	14147743	14206186	2
19	14206187	14381155	0
19	14381156	14408724	1
19	14408725	14408850	0
19	14408851	14419382	2
19	14419383	14433052	0
19	14433053	14471865	1
19	14471866	14472465	0
19	14472466	14475361	2
19	14475362	14477759	0
19	14477760	14496148	2
19	14496149	14514769	0
19	14514770	14529559	2
19	14529560	14529769	3
19	14529770	14565977	1
19	14565978	14566077	0
19	14566078	14572061	2
19	14572062	14583083	0
19	14583084	14611156	1
19	14611157	14619116	0
19	14619117	14690026	2
19	14690027	14690068	0
19	14690069	14732392	1
19	14732393	14733745	3
19	14733746	14778536	2
19	14778537	14789259	0
19	14789260	14835284	2
19	14835285	14840465	0
19	14840466	14848921	2
19	14848922	14878202	0
19	14878203	14886131	2
19	14886132	14941488	0
19	14941489	14942447	1
19	14942448	14950033	0
19	14950034	15010743	2
19	15010744	15022989	3
19	15022990	15023268	1
19	15023269	15049383	0
19	15049384	15058292	1
19	15058293	15082210	0
19	15082211	15092969	1
19	15092970	15107402	0
19	15107403	15114986	1
19	15114987	15114987	3
19	15114988	15125784	2
19	15125785	15159037	0
19	15159038	15200980	2
19	15200981	15226918	0
19	15226919	15233434	2
19	15233435	15235518	0
19	15235519	15332544	2
19	15332545	15353384	0
19	15353385	15379791	2
19	15379792	15380047	0
19	15380048	15419140	2
19	15419141	15419979	0
19	15419980	15449950	2
19	15449951	15451623	0
19	15451624	15464570	2
19	15464571	15468644	0
19	15468645	15498955	2
19	15498956	15508492	0
19	15508493	15552316	1
19	15552317	15615217	0
19	15615218	15629634	1
19	15629635	15640896	0
19	15640897	15662824	1
19	15662825	15672756	0
19	15672757	15697173	1
19	15697174	15728019	0
19	15728020	15729059	1
19	15729060	15737984	0
19	15737985	15742342	1
19	15742343	15787660	0
19	15787661	15801024	1
19	15801025	15804548	0
19	15804549	15815663	2
19	15815664	15878022	0
19	15878023	15898119	2
19	15898120	15912366	0
19	15912367	15934866	2
19	15934867	15944298	0
19	15944299	15950349	1
19	15950350	16067020	0
19	16067021	16103004	1
19	16103005	16111628	0
19	16111629	16158574	1
19	16158575	16161367	0
19	16161368	16173524	2
19	16173525	16185379	0
19	16185380	16192045	1
19	16192046	16197577	0
19	16197578	16245906	1
19	16245907	16324816	0
19	16324817	16327873	1
19	16327874	16355238	0
19	16355239	16472084	2
19	16472085	16479056	0
19	16479057	16496191	2
19	16496192	16496310	0
19	16496311	16517888	1
19	16517889	16521349	3
19	16521350	16542529	2
19	16542530	16549830	0
19	16549831	16572381	2
19	16572382	16574918	0
19	16574919	16660156	2
19	16660157	16661126	0
19	16661127	16690028	1
19	16690029	16719979	0
19	16719980	16817962	1
19	16817963	16829399	0
19	16829400	16880352	1
19	16880353	16888859	0
19	16888860	16892605	1
19	16892606	16892946	0
19	16892947	17026814	2
19	17026815	17049728	0
19	17049729	17075624	2
19	17075625	17075780	0
19	17075781	17214536	1
19	17214537	17215358	0
19	17215359	17219828	1
19	17219829	17226203	0
19	17226204	17229218	1
19	17229219	17231882	0
19	17231883	17267349	2
19	17267350	17279336	3
19	17279337	17281644	2
19	17281645	17282785	3
19	17282786	17287645	1
19	17287646	17292130	0
19	17292131	17292608	2
19	17292609	17303472	3
19	17303473	17306654	1
19	17306655	17309530	2
19	17309531	17310235	3
19	17310236	17323222	1
19	17323223	17323300	3
19	17323301	17334828	2
19	17334829	17334919	0
19	17334920	17342734	1
19	17342735	17351447	0
19	17351448	17377349	2
19	17377350	17390508	0
19	17390509	17394157	2
19	17394158	17402938	0
19	17402939	17405647	2
19	17405648	17405721	0
19	17405722	17433723	1
19	17433724	17435508	0
19	17435509	17460953	2
19	17460954	17470443	0
19	17470444	17506167	1
19	17506168	17511628	0
19	17511629	17521287	1
19	17521288	17523300	0
19	17523301	17553838	1
19	17553839	17555593	0
19	17555594	17583158	1
19	17583159	17601327	0
19	17601328	17688364	2
19	17688365	17719241	0
19	17719242	17734515	1
19	17734516	17747717	0
19	17747718	17788567	1
19	17788568	17794827	0
19	17794828	17813081	1
19	17813082	17816511	0
19	17816512	17821573	2
19	17821574	17824785	0
19	17824786	17848031	2
19	17848032	17859875	0
19	17859876	17864152	1
19	17864153	17871972	0
19	17871973	17895173	1
19	17895174	17933015	0
19	17933016	17943990	1
19	17943991	17951292	0
19	17951293	18000079	1
19	18000080	18001131	0
19	18001132	18014101	1
19	18014102	18058994	0
19	18058995	18097792	2
19	18097793	18098943	3
19	18098944	18151691	1
19	18151692	18153117	0
19	18153118	18170539	1
19	18170540	18173161	0
19	18173162	18178116	1
19	18178117	18193181	0
19	18193182	18196741	1
19	18196742	18196783	0
19	18196784	18204073	2
19	18204074	18207960	0
19	18207961	18255418	2
19	18255419	18257096	0
19	18257097	18274508	2
19	18274509	18279759	0
19	18279760	18281621	2
19	18281622	18306229	0
19	18306230	18323273	2
19	18323274	18340586	0
19	18340587	18369949	1
19	18369950	18374730	0
19	18374731	18389175	1
19	18389176	18391143	0
19	18391144	18397616	2
19	18397617	18418863	0
19	18418864	18434387	1
19	18434388	18434561	3
19	18434562	18438300	2
19	18438301	18442662	0
19	18442663	18522126	2
19	18522127	18531750	0
19	18531751	18544076	2
19	18544077	18557761	0
19	18557762	18569386	1
19	18569387	18571729	0
19	18571730	18577549	1
19	18577550	18588724	0
19	18588725	18592335	1
19	18592336	18593236	0
19	18593237	18606849	2
19	18606850	18607429	0
19	18607430	18621038	1
19	18621039	18636964	0
19	18636965	18671713	1
19	18671714	18683676	0
19	18683677	18782332	1
19	18782333	18782772	0
19	18782773	18791313	2
19	18791314	18831937	0
19	18831938	18868235	1
19	18868236	18868544	0
19	18868545	18896726	2
19	18896727	18899513	0
19	18899514	18919396	2
19	18919397	18919674	0
19	18919675	18928632	1
19	18928633	18929200	0
19	18929201	18941260	2
19	18941261	18990887	0
19	18990888	19033574	2
19	19033575	19034022	3
19	19034023	19060310	1
19	19060311	19063998	0
19	19063999	19112887	1
19	19112888	19119168	0
19	19119169	19138512	2
19	19138513	19145566	0
19	19145567	19192228	2
19	19192229	19192588	3
19	19192589	19201415	1
19	19201416	19201868	3
19	19201869	19203423	2
19	19203424	19211972	0
19	19211973	19252232	1
19	19252233	19255640	0
19	19255641	19262795	2
19	19262796	19264365	0
19	19264366	19273287	2
19	19273288	19276510	0
19	19276511	19320680	2
19	19320681	19320843	3
19	19320844	19358754	1
19	19358755	19385825	0
19	19385826	19508930	1
19	19508931	19514218	0
19	19514219	19515684	2
19	19515685	19515754	0
19	19515755	19537580	1
19	19537581	19538247	0
19	19538248	19546658	1
19	19546659	19561712	0
19	19561713	19618915	2
19	19618916	19623667	0
19	19623668	19628929	2
19	19628930	19629475	0
19	19629476	19643666	2
19	19643667	19645199	0
19	19645200	19663692	2
19	19663693	19668795	0
19	19668796	19683505	1
19	19683506	19710470	0
19	19710471	19733096	2
19	19733097	19785841	0
19	19785842	19821748	2
19	19821749	19865885	0
19	19865886	19894673	1
19	19894674	19900927	0
19	19900928	19935574	1
19	19935575	19997057	0
19	19997058	20039505	2
19	20039506	20078020	0
19	20078021	20119751	1
19	20119752	20167227	0
19	20167228	20200489	1
19	20200490	20535824	0
19	20535825	20565808	2
19	20565809	20620060	0
19	20620061	20661595	2
19	20661596	20776303	0
19	20776304	20807321	1
19	20807322	20923221	0
19	20923222	20950696	1
19	20950697	21020619	0
19	21020620	21060049	1
19	21060050	21082158	0
19	21082159	21125269	1
19	21125270	21142023	0
19	21142024	21196052	1
19	21196053	21291159	0
19	21291160	21329409	2
19	21329410	21358929	0
19	21358930	21379301	1
19	21379302	21397118	0
19	21397119	21427572	1
19	21427573	21505563	0
19	21505564	21556269	1
19	21556270	21722765	0
19	21722766	21767627	2
19	21767628	21804948	0
19	21804949	21852124	2
19	21852125	21932957	0
19	21932958	22010948	2
19	22010949	22052483	0
19	22052484	22091479	1
19	22091480	22179090	0
19	22179091	22196950	2
19	22196951	22286407	0
19	22286408	22317175	1
19	22317176	22391018	0
19	22391019	22532484	2
19	22532485	22634323	0
19	22634324	22667669	1
19	22667670	22752182	0
19	22752183	22784106	2
19	22784107	22832320	0
19	22832321	22858666	1
19	22858667	22975467	0
19	22975468	23003175	2
19	23003176	23075209	0
19	23075210	23147218	1
19	23147219	23221598	0
19	23221599	23274220	2
19	23274221	23338748	0
19	23338749	23395559	2
19	23395560	23525630	0
19	23525631	23687219	2
19	23687220	23739194	0
19	23739195	23758890	2
19	23758891	23914875	0
19	23914876	23945158	1
19	23945159	24033404	0
19	24033405	24129960	1
19	24129961	29205320	0
19	29205321	29213540	2
19	29213541	29526498	0
19	29526499	29564478	1
19	29564479	29604016	0
19	29604017	29617236	1
19	29617237	29665055	0
19	29665056	29675456	1
19	29675457	29698885	0
19	29698886	29715788	2
19	29715789	29811897	0
19	29811898	29824307	1
19	29824308	29923643	0
19	29923644	30016607	1
19	30016608	30228513	0
19	30228514	30713537	1
19	30713538	31274944	0
19	31274945	31349546	2
19	31349547	32345593	0
19	32345594	32387666	1
19	32387667	32405542	0
19	32405543	32485894	1
19	32485895	32581067	0
19	32581068	32587451	1
19	32587452	32597006	0
19	32597007	32675406	2
19	32675407	32676596	3
19	32676597	32678299	1
19	32678300	32691960	0
19	32691961	32713795	1
19	32713796	32719752	0
19	32719753	32829380	1
19	32829381	32830508	0
19	32830509	32869765	2
19	32869766	32875924	0
19	32875925	32971990	2
19	32971991	32972220	0
19	32972221	32978221	1
19	32978222	32978592	0
19	32978593	33064887	2
19	33064888	33080879	0
19	33080880	33130541	1
19	33130542	33132089	0
19	33132090	33175794	1
19	33175795	33177602	0
19	33177603	33208663	1
19	33208664	33208866	3
19	33208867	33225849	2
19	33225850	33299933	0
19	33299934	33302563	2
19	33302564	33373329	0
19	33373330	33382685	1
19	33382686	33386949	0
19	33386950	33521793	2
19	33521794	33621954	0
19	33621955	33773508	1
19	33773509	33795932	0
19	33795933	33815762	1
19	33815763	34172524	0
19	34172525	34229514	1
19	34229515	34254536	0
19	34254537	34355585	1
19	34355586	34359479	0
19	34359480	34426167	1
19	34426168	34428362	0
19	34428363	34471250	1
19	34471251	34481637	0
19	34481638	34512303	1
19	34512304	34593441	0
19	34593442	34675698	2
19	34675699	34677638	0
19	34677639	34686396	1
19	34686397	34734154	0
19	34734155	34745377	1
19	34745378	34758075	0
19	34758076	34773228	2
19	34773229	34926902	0
19	34926903	34945169	1
19	34945170	34956353	0
19	34956354	34964048	2
19	34964049	34994783	0
19	34994784	35026470	1
19	35026471	35030465	0
19	35030466	35040448	1
19	35040449	35040505	0
19	35040506	35066570	1
19	35066571	35115878	0
19	35115879	35124323	1
19	35124324	35124512	0
19	35124513	35135199	2
19	35135200	35138807	0
19	35138808	35143108	1
19	35143109	35143249	0
19	35143250	35154300	1
19	35154301	35154729	0
19	35154730	35169882	1
19	35169883	35224799	0
19	35224800	35228728	2
19	35228729	35248391	0
19	35248392	35267963	1
19	35267964	35268977	0
19	35268978	35279814	1
19	35279815	35280715	0
19	35280716	35285142	1
19	35285143	35292124	0
19	35292125	35313803	1
19	35313804	35319260	0
19	35319261	35347354	1
19	35347355	35351551	0
19	35351552	35353861	1
19	35353862	35358459	0
19	35358460	35360484	1
19	35360485	35370928	0
19	35370929	35372961	1
19	35372962	35448300	0
19	35448301	35451766	1
19	35451767	35487323	0
19	35487324	35490530	2
19	35490531	35497219	0
19	35497220	35513657	2
19	35513658	35523366	0
19	35523367	35528350	2
19	35528351	35533411	0
19	35533412	35545315	1
19	35545316	35545594	0
19	35545595	35547525	1
19	35547526	35550042	0
19	35550043	35563657	2
19	35563658	35586160	0
19	35586161	35587295	1
19	35587296	35612769	0
19	35612770	35625348	1
19	35625349	35629029	0
19	35629030	35637685	1
19	35637686	35641744	0
19	35641745	35644870	1
19	35644871	35648222	0
19	35648223	35658860	1
19	35658861	35666515	0
19	35666516	35678482	1
19	35678483	35704526	0
19	35704527	35717037	1
19	35717038	35718018	0
19	35718019	35738800	1
19	35738801	35738877	3
19	35738878	35742452	2
19	35742453	35742528	0
19	35742529	35745113	2
19	35745114	35745441	3
19	35745442	35745444	2
19	35745445	35747518	1
19	35747519	35748360	0
19	35748361	35754518	1
19	35754519	35754568	0
19	35754569	35758078	2
19	35758079	35758142	0
19	35758143	35769187	1
19	35769188	35775514	0
19	35775515	35788821	1
19	35788822	35799989	0
19	35799990	35813298	2
19	35813299	35825963	0
19	35825964	35851837	2
19	35851838	35855860	0
19	35855861	35867108	1
19	35867109	35867898	0
19	35867899	35879787	1
19	35879788	35888240	0
19	35888241	35902302	2
19	35902303	35902479	0
19	35902480	35904376	1
19	35904377	35904400	0
19	35904401	35908294	2
19	35908295	35935549	0
19	35935550	35945766	1
19	35945767	35995198	0
19	35995199	35996314	1
19	35996315	36003298	0
19	36003299	36008792	2
19	36008793	36009123	0
19	36009124	36014238	2
19	36014239	36014659	0
19	36014660	36033342	2
19	36033343	36034984	0
19	36034985	36054761	2
19	36054762	36054936	0
19	36054937	36105102	1
19	36105103	36111150	0
19	36111151	36113709	1
19	36113710	36113710	3
19	36113711	36114985	2
19	36114986	36115345	3
19	36115346	36125946	1
19	36125947	36139574	0
19	36139575	36150352	1
19	36150353	36150921	0
19	36150922	36152868	2
19	36152869	36182059	0
19	36182060	36214601	2
19	36214602	36214672	3
19	36214673	36215132	2
19	36215133	36238773	3
19	36238774	36246256	2
19	36246257	36334452	0
19	36334453	36379198	2
19	36379199	36383119	0
19	36383120	36418655	2
19	36418656	36445118	0
19	36445119	36489860	2
19	36489861	36510694	0
19	36510695	36528659	2
19	36528660	36534773	0
19	36534774	36604816	2
19	36604817	36605275	3
19	36605276	36634112	1
19	36634113	36637819	0
19	36637820	36666840	2
19	36666841	36687627	0
19	36687628	36714382	1
19	36714383	36721326	3
19	36721327	36723346	1
19	36723347	36772824	2
19	36772825	36817427	0
19	36817428	36850360	2
19	36850361	36850786	3
19	36850787	36888123	1
19	36888124	36892929	3
19	36892930	36893033	1
19	36893034	36916290	2
19	36916291	36916328	0
19	36916329	36997931	1
19	36997932	37007856	0
19	37007857	37093018	1
19	37093019	37127441	3
19	37127442	37130310	1
19	37130311	37210548	2
19	37210549	37218189	0
19	37218190	37248737	1
19	37248738	37312836	0
19	37312837	37369364	1
19	37369365	37371158	0
19	37371159	37392893	1
19	37392894	37411154	0
19	37411155	37467771	2
19	37467772	37469269	3
19	37469270	37488651	1
19	37488652	37506938	0
19	37506939	37543334	1
19	37543335	37551405	0
19	37551406	37554781	1
19	37554782	37594754	3
19	37594755	37613748	1
19	37613749	37614094	3
19	37614095	37614096	1
19	37614097	37692336	2
19	37692337	37696362	0
19	37696363	37719789	2
19	37719790	37738286	0
19	37738287	37817299	2
19	37817300	37884822	0
19	37884823	37906676	2
19	37906677	37907227	0
19	37907228	38208371	1
19	38208372	38211005	0
19	38211006	38229713	2
19	38229714	38244034	0
19	38244035	38251236	1
19	38251237	38253256	3
19	38253257	38305008	1
19	38305009	38305103	0
19	38305104	38317272	2
19	38317273	38319843	0
19	38319844	38332075	1
19	38332076	38335774	0
19	38335775	38370942	1
19	38370943	38374535	0
19	38374536	38383823	1
19	38383824	38384264	0
19	38384265	38388081	2
19	38388082	38388420	0
19	38388421	38399586	1
19	38399587	38403134	0
19	38403135	38409054	1
19	38409055	38409083	3
19	38409084	38426304	2
19	38426305	38433698	0
19	38433699	38587563	1
19	38587564	38587640	0
19	38587641	38618881	2
19	38618882	38619081	0
19	38619082	38636954	1
19	38636955	38647669	0
19	38647670	38730273	1
19	38730274	38731582	3
19	38731583	38769903	2
19	38769904	38770970	0
19	38770971	38773491	2
19	38773492	38789210	0
19	38789211	38791748	1
19	38791749	38801678	0
19	38801679	38813363	2
19	38813364	38815421	0
19	38815422	38852337	2
19	38852338	38867833	0
19	38867834	38878278	2
19	38878279	38878554	0
19	38878555	38899699	2
19	38899700	38899861	3
19	38899862	38908890	1
19	38908891	38908979	0
19	38908980	38912157	2
19	38912158	38915265	0
19	38915266	38930547	2
19	38930548	38930895	3
19	38930896	38930953	2
19	38930954	38933161	3
19	38933162	38975909	2
19	38975910	38990713	0
19	38990714	39032784	2
19	39032785	39084304	0
19	39084305	39111492	1
19	39111493	39125769	0
19	39125770	39182815	1
19	39182816	39196960	0
19	39196961	39201883	1
19	39201884	39202830	0
19	39202831	39204265	2
19	39204266	39243552	0
19	39243553	39245128	2
19	39245129	39268513	0
19	39268514	39270091	1
19	39270092	39296324	0
19	39296325	39298672	1
19	39298673	39306567	0
19	39306568	39315335	2
19	39315336	39328352	0
19	39328353	39342371	2
19	39342372	39342395	0
19	39342396	39385709	1
19	39385710	39385851	0
19	39385852	39391194	2
19	39391195	39391310	0
19	39391311	39400636	1
19	39400637	39406812	0
19	39406813	39409411	1
19	39409412	39412584	0
19	39412585	39428414	1
19	39428415	39433206	0
19	39433207	39435947	2
19	39435948	39436155	0
19	39436156	39476669	1
19	39476670	39480411	0
19	39480412	39490887	1
19	39490888	39498894	0
19	39498895	39508480	1
19	39508481	39515112	0
19	39515113	39520685	1
19	39520686	39530989	0
19	39530990	39532853	2
19	39532854	39538704	0
19	39538705	39540332	2
19	39540333	39602500	0
19	39602501	39607475	1
19	39607476	39655893	0
19	39655894	39660646	1
19	39660647	39704305	0
19	39704306	39709443	1
19	39709444	39731249	0
19	39731250	39738027	2
19	39738028	39776594	0
19	39776595	39786166	1
19	39786167	39825349	0
19	39825350	39834200	2
19	39834201	39834457	0
19	39834458	39846413	2
19	39846414	39863322	0
19	39863323	39906322	2
19	39906323	39913689	0
19	39913690	39934625	2
19	39934626	39971004	0
19	39971005	39981440	1
19	39981441	39997035	0
19	39997036	40021040	1
19	40021041	40028259	0
19	40028260	40056208	2
19	40056209	40069151	0
19	40069152	40090937	2
19	40090938	40191743	0
19	40191744	40215574	1
19	40215575	40216057	0
19	40216058	40218398	2
19	40218399	40222207	0
19	40222208	40226696	2
19	40226697	40230316	0
19	40230317	40285535	2
19	40285536	40319535	0
19	40319536	40348455	2
19	40348456	40348526	3
19	40348527	40378482	1
19	40378483	40379270	0
19	40379271	40390186	2
19	40390187	40393767	0
19	40393768	40413365	2
19	40413366	40421591	0
19	40421592	40426024	2
19	40426025	40440843	0
19	40440844	40444704	2
19	40444705	40447764	0
19	40447765	40465839	2
19	40465840	40466240	0
19	40466241	40576463	1
19	40576464	40576850	0
19	40576851	40591398	1
19	40591399	40593165	0
19	40593166	40629817	1
19	40629818	40665904	0
19	40665905	40690971	2
19	40690972	40691528	0
19	40691529	40717102	2
19	40717103	40718206	3
19	40718207	40740855	1
19	40740856	40740859	3
19	40740860	40750491	2
19	40750492	40750636	0
19	40750637	40765388	1
19	40765389	40771647	0
19	40771648	40777489	1
19	40777490	40778215	0
19	40778216	40796934	1
19	40796935	40798995	0
19	40798996	40808432	1
19	40808433	40843537	0
19	40843538	40850446	2
19	40850447	40875438	0
19	40875439	40882751	2
19	40882752	40991249	0
19	40991250	41018397	1
19	41018398	41088471	0
19	41088472	41096194	1
19	41096195	41114431	0
19	41114432	41128365	1
19	41128366	41193048	0
19	41193049	41207538	1
19	41207539	41219202	0
19	41219203	41261765	1
19	41261766	41262495	0
19	41262496	41301586	1
19	41301587	41307597	3
19	41307598	41310188	2
19	41310189	41324882	3
19	41324883	41350910	2
19	41350911	41353910	3
19	41353911	41354420	1
19	41354421	41364172	3
19	41364173	41386373	1
19	41386374	41397478	3
19	41397479	41425004	1
19	41425005	41425358	0
19	41425359	41428729	2
19	41428730	41431317	0
19	41431318	41440716	2
19	41440717	41443157	0
19	41443158	41444764	1
19	41444765	41549517	0
19	41549518	41586843	1
19	41586844	41618970	0
19	41618971	41627073	2
19	41627074	41673306	0
19	41673307	41688366	2
19	41688367	41708584	0
19	41708585	41772207	1
19	41772208	41796436	0
19	41796437	41811552	1
19	41811553	41837073	0
19	41837074	41844696	2
19	41844697	41844945	0
19	41844946	41852332	1
19	41852333	41859917	0
19	41859918	41872925	1
19	41872926	41877119	0
19	41877120	41881371	1
19	41881372	41883160	0
19	41883161	41907704	1
19	41907705	41928515	3
19	41928516	41930149	1
19	41930150	41956680	0
19	41956681	41959389	2
19	41959390	41966581	0
19	41966582	41997496	2
19	41997497	41998320	0
19	41998321	42068476	2
19	42068477	42069497	3
19	42069498	42081548	1
19	42081549	42086109	0
19	42086110	42196584	2
19	42196585	42198597	0
19	42198598	42220122	2
19	42220123	42220270	0
19	42220271	42228200	1
19	42228201	42230185	0
19	42230186	42255156	2
19	42255157	42268536	0
19	42268537	42295796	1
19	42295797	42297032	0
19	42297033	42302097	2
19	42302098	42302570	3
19	42302571	42303545	2
19	42303546	42310820	1
19	42310821	42313335	0
19	42313336	42325061	1
19	42325062	42325608	0
19	42325609	42378768	1
19	42378769	42387018	0
19	42387019	42390286	2
19	42390287	42401506	0
19	42401507	42427425	2
19	42427426	42428287	0
19	42428288	42443047	2
19	42443048	42507303	0
19	42507304	42561233	2
19	42561234	42580240	0
19	42580241	42595054	2
19	42595055	42721641	0
19	42721642	42740568	2
19	42740569	42752685	0
19	42752686	42855690	2
19	42855691	42866463	0
19	42866464	42879718	2
19	42879719	42902078	0
19	42902079	42919562	2
19	42919563	42924139	0
19	42924140	42937172	2
19	42937173	43007655	0
19	43007656	43026511	2
19	43026512	43064210	0
19	43064211	43082667	2
19	43082668	43166255	0
19	43166256	43186535	2
19	43186536	43192701	0
19	43192702	43205773	2
19	43205774	43211790	0
19	43211791	43269529	2
19	43269530	43353658	0
19	43353659	43363171	1
19	43363172	43401495	0
19	43401496	43418596	1
19	43418597	43460786	0
19	43460787	43465659	2
19	43465660	43475102	0
19	43475103	43504934	2
19	43504935	43506718	0
19	43506719	43525496	2
19	43525497	43527243	3
19	43527244	43536129	1
19	43536130	43543039	0
19	43543040	43576799	2
19	43576800	43580472	3
19	43580473	43580543	2
19	43580544	43582097	3
19	43582098	43596134	2
19	43596135	43596391	0
19	43596392	43607218	1
19	43607219	43614496	3
19	43614497	43619873	2
19	43619874	43622367	0
19	43622368	43639838	2
19	43639839	43646094	0
19	43646095	43670546	2
19	43670547	43716009	0
19	43716010	43720020	1
19	43720021	43727991	0
19	43727992	43754989	2
19	43754990	43766532	0
19	43766533	43781256	2
19	43781257	43795928	0
19	43795929	43827198	2
19	43827199	43827291	0
19	43827292	43852016	1
19	43852017	43872362	0
19	43872363	43883963	2
19	43883964	43912628	0
19	43912629	43935258	2
19	43935259	43951222	0
19	43951223	43967708	1
19	43967709	43967861	0
19	43967862	43998324	1
19	43998325	44002947	0
19	44002948	44013925	1
19	44013926	44025341	0
19	44025342	44033111	1
19	44033112	44052008	0
19	44052009	44067990	1
19	44067991	44072143	0
19	44072144	44089612	1
19	44089613	44094338	0
19	44094339	44109885	1
19	44109886	44112180	0
19	44112181	44134815	1
19	44134816	44141556	0
19	44141557	44160308	1
19	44160309	44165072	0
19	44165073	44178380	1
19	44178381	44212527	0
19	44212528	44236109	1
19	44236110	44237266	3
19	44237267	44237267	1
19	44237268	44259879	2
19	44259880	44275308	3
19	44275309	44305045	2
19	44305046	44326554	0
19	44326555	44401607	2
19	44401608	44426250	0
19	44426251	44448577	2
19	44448578	44474427	0
19	44474428	44500522	2
19	44500523	44501676	0
19	44501677	44529787	2
19	44529788	44613629	0
19	44613630	44636780	1
19	44636781	44643797	0
19	44643798	44684358	1
19	44684359	44699150	0
19	44699151	44710713	1
19	44710714	44748546	0
19	44748547	44760043	1
19	44760044	44777868	0
19	44777869	44800633	1
19	44800634	44809058	0
19	44809059	44821420	1
19	44821421	44846174	0
19	44846175	44889227	1
19	44889228	44890568	0
19	44890569	44903688	1
19	44903689	44905753	0
19	44905754	44909392	1
19	44909393	44914246	0
19	44914247	44919345	1
19	44919346	44942237	0
19	44942238	44949564	1
19	44949565	44954590	0
19	44954591	44993340	1
19	44993341	45001429	0
19	45001430	45038197	1
19	45038198	45039039	0
19	45039040	45070955	1
19	45070956	45071499	0
19	45071500	45076587	2
19	45076588	45079194	0
19	45079195	45149749	1
19	45149750	45158736	3
19	45158737	45162927	1
19	45162928	45178236	3
19	45178237	45212620	1
19	45212621	45245430	3
19	45245431	45305282	1
19	45305283	45306413	0
19	45306414	45322976	2
19	45322977	45333433	0
19	45333434	45349836	1
19	45349837	45350386	3
19	45350387	45351390	1
19	45351391	45351519	3
19	45351520	45370917	2
19	45370918	45379633	0
19	45379634	45406208	2
19	45406209	45406348	3
19	45406349	45407332	1
19	45407333	45410765	3
19	45410766	45467994	2
19	45467995	45473011	3
19	45473012	45478827	2
19	45478828	45485288	0
19	45485289	45488776	2
19	45488777	45497060	3
19	45497061	45502509	1
19	45502510	45506578	0
19	45506579	45526982	1
19	45526983	45527426	0
19	45527427	45602211	2
19	45602212	45606993	0
19	45606994	45645628	2
19	45645629	45668243	0
19	45668244	45683723	1
19	45683724	45687453	0
19	45687454	45692332	2
19	45692333	45692482	0
19	45692483	45703988	1
19	45703989	45710628	0
19	45710629	45730903	2
19	45730904	45733250	0
19	45733251	45764533	1
19	45764534	45764784	0
19	45764785	45769225	2
19	45769226	45769716	0
19	45769717	45792801	2
19	45792802	45795709	0
19	45795710	45815318	2
19	45815319	45815434	0
19	45815435	45863289	2
19	45863290	45863988	0
19	45863989	45873796	1
19	45873797	45883606	0
19	45883607	45886169	2
19	45886170	45890019	0
19	45890020	45902603	2
19	45902604	45913213	0
19	45913214	45914869	2
19	45914870	45933733	0
19	45933734	45973545	2
19	45973546	45995460	0
19	45995461	46018615	1
19	46018616	46019152	0
19	46019153	46023064	2
19	46023065	46039747	0
19	46039748	46077093	2
19	46077094	46120070	0
19	46120071	46124673	2
19	46124674	46147781	0
19	46147782	46161298	1
19	46161299	46229751	0
19	46229752	46231242	1
19	46231243	46297045	0
19	46297046	46343432	1
19	46343433	46346993	0
19	46346994	46390851	1
19	46390852	46410371	0
19	46410372	46413583	2
19	46413584	46424696	0
19	46424697	46428950	2
19	46428951	46466490	0
19	46466491	46471562	2
19	46471563	46480795	0
19	46480796	46601073	2
19	46601074	46601199	3
19	46601200	46610792	1
19	46610793	46620467	0
19	46620468	46625117	2
19	46625118	46634075	0
19	46634076	46634684	2
19	46634685	46647611	0
19	46647612	46661137	2
19	46661138	46674274	0
19	46674275	46717126	2
19	46717127	46719506	0
19	46719507	46746045	2
19	46746046	46746479	3
19	46746480	46746909	2
19	46746910	46746993	3
19	46746994	46758484	1
19	46758485	46774882	0
19	46774883	46788593	2
19	46788594	46838135	0
19	46838136	46850991	2
19	46850992	46918675	0
19	46918676	47005076	1
19	47005077	47019819	0
19	47019820	47045774	1
19	47045775	47045906	0
19	47045907	47048629	2
19	47048630	47064186	0
19	47064187	47113273	2
19	47113274	47113751	3
19	47113752	47210635	1
19	47210636	47220823	0
19	47220824	47232765	2
19	47232766	47256458	0
19	47256459	47273700	1
19	47273701	47274452	0
19	47274453	47275706	1
19	47275707	47297074	0
19	47297075	47322065	1
19	47322066	47332146	0
19	47332147	47347326	1
19	47347327	47349280	0
19	47349281	47382703	1
19	47382704	47403123	0
19	47403124	47419522	2
19	47419523	47428016	0
19	47428017	47472167	2
19	47472168	47475143	0
19	47475144	47484267	2
19	47484268	47487636	0
19	47487637	47515239	2
19	47515240	47520684	0
19	47520685	47555855	2
19	47555856	47608195	0
19	47608196	47703276	1
19	47703277	47713342	0
19	47713343	47743133	1
19	47743134	47745521	0
19	47745522	47757057	1
19	47757058	47778571	0
19	47778572	47784683	1
19	47784684	47801242	0
19	47801243	47819050	2
19	47819051	47819778	0
19	47819779	47843329	1
19	47843330	47870465	0
19	47870466	47886396	2
19	47886397	47968045	0
19	47968046	47992169	2
19	47992170	47994650	0
19	47994651	48025152	1
19	48025153	48029952	0
19	48029953	48044052	2
19	48044053	48047842	0
19	48047843	48110816	2
19	48110817	48115444	0
19	48115445	48170602	2
19	48170603	48170691	0
19	48170692	48197619	1
19	48197620	48208103	0
19	48208104	48255945	2
19	48255946	48270101	0
19	48270102	48287607	1
19	48287608	48296456	0
19	48296457	48320074	2
19	48320075	48321508	0
19	48321509	48330552	1
19	48330553	48332355	0
19	48332356	48364236	2
19	48364237	48364394	0
19	48364395	48376375	1
19	48376376	48382569	0
19	48382570	48391552	2
19	48391553	48394874	0
19	48394875	48444930	1
19	48444931	48445772	0
19	48445773	48482313	1
19	48482314	48485270	0
19	48485271	48513188	2
19	48513189	48552074	0
19	48552075	48599424	1
19	48599425	48600809	0
19	48600810	48606742	2
19	48606743	48607713	3
19	48607714	48614814	2
19	48614815	48615327	0
19	48615328	48619290	2
19	48619291	48619535	3
19	48619536	48630029	1
19	48630030	48630404	3
19	48630405	48630684	1
19	48630685	48630716	3
19	48630717	48637437	2
19	48637438	48637941	0
19	48637942	48646311	2
19	48646312	48661406	0
19	48661407	48673080	2
19	48673081	48695970	0
19	48695971	48705949	1
19	48705950	48712741	0
19	48712742	48719720	2
19	48719721	48720586	0
19	48720587	48740720	2
19	48740721	48740887	0
19	48740888	48746908	2
19	48746909	48748010	0
19	48748011	48755389	2
19	48755390	48755558	0
19	48755559	48758332	1
19	48758333	48795061	0
19	48795062	48811028	2
19	48811029	48813016	0
19	48813017	48836677	2
19	48836678	48837096	0
19	48837097	48868631	2
19	48868632	48872391	0
19	48872392	48876056	1
19	48876057	48880964	0
19	48880965	48898732	2
19	48898733	48900049	0
19	48900050	48923371	1
19	48923372	48933681	0
19	48933682	48944968	1
19	48944969	48954876	0
19	48954877	48961797	1
19	48961798	48965300	0
19	48965301	48966877	1
19	48966878	48968124	0
19	48968125	48993309	2
19	48993310	48993447	0
19	48993448	49015979	1
19	49015980	49015994	3
19	49015995	49017080	2
19	49017081	49017495	0
19	49017496	49020522	2
19	49020523	49022868	0
19	49022869	49031911	2
19	49031912	49033153	3
19	49033154	49036894	2
19	49036895	49043883	0
19	49043884	49045310	1
19	49045311	49047637	0
19	49047638	49049105	2
19	49049106	49054274	0
19	49054275	49058859	2
19	49058860	49061065	0
19	49061066	49065053	2
19	49065054	49067417	0
19	49067418	49072940	2
19	49072941	49085422	0
19	49085423	49108562	1
19	49108563	49114323	0
19	49114324	49118396	1
19	49118397	49118459	3
19	49118460	49119139	2
19	49119140	49119388	0
19	49119389	49151025	1
19	49151026	49151197	0
19	49151198	49155423	2
19	49155424	49157740	0
19	49157741	49211835	1
19	49211836	49289637	0
19	49289638	49325224	2
19	49325225	49335395	0
19	49335396	49340594	1
19	49340595	49340605	3
19	49340606	49361782	2
19	49361783	49362381	3
19	49362382	49362456	2
19	49362457	49375115	1
19	49375116	49388217	0
19	49388218	49417993	1
19	49417994	49422413	0
19	49422414	49423440	2
19	49423441	49423748	0
19	49423749	49428817	1
19	49428818	49429400	0
19	49429401	49442359	2
19	49442360	49446298	0
19	49446299	49453168	2
19	49453169	49453493	3
19	49453494	49453496	2
19	49453497	49471047	1
19	49471048	49474227	0
19	49474228	49486230	1
19	49486231	49487553	0
19	49487554	49492307	1
19	49492308	49496373	0
19	49496374	49499688	1
19	49499689	49512278	0
19	49512279	49526332	1
19	49526333	49527617	0
19	49527618	49546961	1
19	49546962	49555710	0
19	49555711	49580645	2
19	49580646	49583946	3
19	49583947	49590261	2
19	49590262	49591014	1
19	49591015	49591642	0
19	49591643	49626438	1
19	49626439	49635291	0
19	49635292	49640200	2
19	49640201	49642124	0
19	49642125	49658641	1
19	49658642	49659569	0
19	49659570	49665141	2
19	49665142	49665874	3
19	49665875	49673915	1
19	49673916	49675785	0
19	49675786	49688449	1
19	49688450	49688663	0
19	49688664	49690574	1
19	49690575	49691109	0
19	49691110	49713730	1
19	49713731	49739754	0
19	49739755	49763329	2
19	49763330	49766967	0
19	49766968	49806884	1
19	49806885	49807111	3
19	49807112	49817375	2
19	49817376	49818278	0
19	49818279	49840382	1
19	49840383	49850734	0
19	49850735	49860098	1
19	49860099	49860738	3
19	49860739	49860743	1
19	49860744	49867908	2
19	49867909	49869032	0
19	49869033	49877424	2
19	49877425	49878355	3
19	49878356	49878458	2
19	49878459	49888748	1
19	49888749	49889653	0
19	49889654	49928701	2
19	49928702	49929538	3
19	49929539	49929743	2
19	49929744	49933934	1
19	49933935	49948984	0
19	49948985	49961171	2
19	49961172	49976466	0
19	49976467	50025713	2
19	50025714	50025945	3
19	50025946	50053413	1
19	50053414	50152547	0
19	50152548	50163194	2
19	50163195	50188185	0
19	50188186	50310543	1
19	50310544	50311936	0
19	50311937	50329652	2
19	50329653	50333514	3
19	50333515	50358476	1
19	50358477	50365829	3
19	50365830	50382981	1
19	50382982	50384338	0
19	50384339	50431312	1
19	50431313	50432902	0
19	50432903	50466320	1
19	50466321	50466786	0
19	50466787	50476495	2
19	50476496	50476752	3
19	50476753	50490869	1
19	50490870	50505997	0
19	50505998	50511352	2
19	50511353	50511599	0
19	50511600	50514689	2
19	50514690	50516891	0
19	50516892	50568044	2
19	50568045	50621976	0
19	50621977	50639826	2
19	50639827	50649444	0
19	50649445	50659309	1
19	50659310	50661826	0
19	50661827	50719449	2
19	50719450	50723328	0
19	50723329	50725717	1
19	50725718	50770463	0
19	50770464	50771731	1
19	50771732	50785725	0
19	50785726	50790414	2
19	50790415	50793141	3
19	50793142	50795223	1
19	50795224	50797704	0
19	50797705	50804716	2
19	50804717	50819152	0
19	50819153	50823783	2
19	50823784	50825304	0
19	50825305	50837212	2
19	50837213	50854914	0
19	50854915	50860763	1
19	50860764	50861567	0
19	50861568	50880566	1
19	50880567	50906351	0
19	50906352	50910737	2
19	50910738	50943302	0
19	50943303	50953092	2
19	50953093	50958630	0
19	50958631	50969672	2
19	50969673	50976487	0
19	50976488	50984037	2
19	50984038	50996006	0
19	50996007	51002710	2
19	51002711	51003110	0
19	51003111	51009547	2
19	51009548	51012738	0
19	51012739	51020174	2
19	51020175	51022215	0
19	51022216	51028038	2
19	51028039	51029091	0
19	51029092	51034891	2
19	51034892	51056536	0
19	51056537	51065113	2
19	51065114	51077494	0
19	51077495	51084244	2
19	51084245	51097605	0
19	51097606	51108369	2
19	51108370	51124907	0
19	51124908	51136650	1
19	51136651	51142298	0
19	51142299	51153525	1
19	51153526	51225063	0
19	51225064	51240015	1
19	51240016	51246347	0
19	51246348	51269329	1
19	51269330	51311847	0
19	51311848	51330353	1
19	51330354	51331817	0
19	51331818	51342123	2
19	51342124	51345168	0
19	51345169	51366417	2
19	51366418	51367097	0
19	51367098	51369002	2
19	51369003	51371605	0
19	51371606	51372714	2
19	51372715	51379908	0
19	51379909	51387959	2
19	51387960	51388288	0
19	51388289	51390573	2
19	51390574	51410020	0
19	51410021	51417802	2
19	51417803	51450846	0
19	51450847	51458455	2
19	51458456	51478621	0
19	51478622	51490951	1
19	51490952	51491363	0
19	51491364	51501788	2
19	51501789	51519524	0
19	51519525	51531855	2
19	51531856	51571297	0
19	51571298	51592507	1
19	51592508	51611926	0
19	51611927	51646888	2
19	51646889	51689127	0
19	51689128	51705189	1
19	51705190	51713111	0
19	51713112	51723993	2
19	51723994	51745171	0
19	51745172	51752025	2
19	51752026	51768922	3
19	51768923	51795162	2
19	51795163	51804109	3
19	51804110	51826188	1
19	51826189	51871281	0
19	51871282	51905039	2
19	51905040	51927219	0
19	51927220	51948758	1
19	51948759	51964342	0
19	51964343	51986855	2
19	51986856	51991331	0
19	51991332	52008229	2
19	52008230	52012764	0
19	52012765	52030239	2
19	52030240	52031378	0
19	52031379	52095764	2
19	52095765	52113090	0
19	52113091	52139921	2
19	52139922	52154847	0
19	52154848	52171642	2
19	52171643	52190038	0
19	52190039	52229532	1
19	52229533	52269570	0
19	52269571	52296045	1
19	52296046	52297176	0
19	52297177	52325921	1
19	52325922	52336244	0
19	52336245	52367777	1
19	52367778	52369916	0
19	52369917	52385794	1
19	52385795	52397848	0
19	52397849	52418403	1
19	52418404	52429186	0
19	52429187	52452314	1
19	52452315	52453575	0
19	52453576	52512153	1
19	52512154	52527652	0
19	52527653	52556759	1
19	52556760	52570272	0
19	52570273	52587173	1
19	52587174	52594059	0
19	52594060	52690495	2
19	52690496	52702812	0
19	52702813	52735053	2
19	52735054	52764194	0
19	52764195	52786762	2
19	52786763	52797408	0
19	52797409	52857648	2
19	52857649	52876171	0
19	52876172	52962910	2
19	52962911	53013920	0
19	53013921	53016121	1
19	53016122	53044737	0
19	53044738	53051075	1
19	53051076	53066605	0
19	53066606	53103435	2
19	53103436	53107878	0
19	53107879	53159059	2
19	53159060	53162420	0
19	53162421	53193373	2
19	53193374	53235380	0
19	53235381	53254878	2
19	53254879	53258291	0
19	53258292	53259601	1
19	53259602	53266675	0
19	53266676	53267722	2
19	53267723	53289600	0
19	53289601	53291625	2
19	53291626	53333745	0
19	53333746	53356905	1
19	53356906	53365692	0
19	53365693	53392216	1
19	53392217	53395149	0
19	53395150	53430412	1
19	53430413	53431992	0
19	53431993	53458260	1
19	53458261	53467734	0
19	53467735	53496254	1
19	53496255	53521023	0
19	53521024	53580268	1
19	53580269	53632055	0
19	53632056	53637008	1
19	53637009	53793602	0
19	53793603	53824393	2
19	53824394	53866222	0
19	53866223	53876436	1
19	53876437	53879189	0
19	53879190	53907651	1
19	53907652	53909334	0
19	53909335	53943940	1
19	53943941	53963039	0
19	53963040	53990214	1
19	53990215	53992287	0
19	53992288	54012668	1
19	54012669	54040824	0
19	54040825	54063952	2
19	54063953	54069894	0
19	54069895	54081364	2
19	54081365	54094667	0
19	54094668	54102691	2
19	54102692	54102836	0
19	54102837	54107012	1
19	54107013	54107567	3
19	54107568	54108532	1
19	54108533	54115409	2
19	54115410	54115674	3
19	54115675	54131718	1
19	54131719	54137716	0
19	54137717	54155160	1
19	54155161	54155707	3
19	54155708	54159881	2
19	54159882	54160107	0
19	54160108	54173249	2
19	54173250	54173412	0
19	54173413	54189881	2
19	54189882	54189937	0
19	54189938	54194535	1
19	54194536	54200741	0
19	54200742	54207646	1
19	54207647	54216277	0
19	54216278	54223505	2
19	54223506	54238548	0
19	54238549	54242790	2
19	54242791	54249430	0
19	54249431	54257300	2
19	54257301	54273820	0
19	54273821	54281183	2
19	54281184	54307069	0
19	54307070	54313138	2
19	54313139	54333184	0
19	54333185	54339149	2
19	54339150	54351383	0
19	54351384	54370557	2
19	54370558	54415218	0
19	54415219	54436899	1
19	54436900	54448886	0
19	54448887	54461795	1
19	54461796	54461831	3
19	54461832	54462036	1
19	54462037	54463710	2
19	54463711	54465025	0
19	54465026	54473263	2
19	54473264	54497878	0
19	54497879	54510686	1
19	54510687	54532759	0
19	54532760	54545770	1
19	54545771	54573027	0
19	54573028	54590286	1
19	54590287	54593647	0
19	54593648	54602089	1
19	54602090	54617157	0
19	54617158	54637527	1
19	54637528	54643914	0
19	54643915	54670358	1
19	54670359	54724478	0
19	54724479	54736535	1
19	54736536	54738514	0
19	54738515	54753051	1
19	54753052	54769810	0
19	54769811	54784321	1
19	54784322	54803534	0
19	54803535	54814516	1
19	54814517	54816467	0
19	54816468	54830777	1
19	54830778	54850442	0
19	54850443	54867206	1
19	54867207	54874247	0
19	54874248	54890471	1
19	54890472	54906149	0
19	54906150	54916139	1
19	54916140	54923508	0
19	54923509	54953129	2
19	54953130	54966242	3
19	54966243	54966311	2
19	54966312	55001141	1
19	55001142	55013704	0
19	55013705	55038263	2
19	55038264	55044323	0
19	55044324	55069539	2
19	55069540	55072019	0
19	55072020	55087921	1
19	55087922	55090912	0
19	55090913	55117558	2
19	55117559	55132793	0
19	55132794	55149353	2
19	55149354	55151769	0
19	55151770	55157731	2
19	55157732	55158660	0
19	55158661	55166721	2
19	55166722	55171198	0
19	55171199	55180440	2
19	55180441	55181247	0
19	55181248	55209455	2
19	55209456	55226747	0
19	55226748	55229263	2
19	55229264	55229779	0
19	55229780	55258994	2
19	55258995	55262230	0
19	55262231	55280380	2
19	55280381	55282071	0
19	55282072	55312532	1
19	55312533	55312800	0
19	55312801	55325339	2
19	55325340	55339852	0
19	55339853	55348119	1
19	55348120	55349305	0
19	55349306	55354813	2
19	55354814	55354907	0
19	55354908	55363259	2
19	55363260	55364388	0
19	55364389	55370462	2
19	55370463	55376835	0
19	55376836	55378243	1
19	55378244	55379244	0
19	55379245	55384597	2
19	55384598	55385344	0
19	55385345	55399744	1
19	55399745	55403249	3
19	55403250	55407776	2
19	55407777	55428739	0
19	55428740	55442862	2
19	55442863	55452984	0
19	55452985	55462342	2
19	55462343	55463001	0
19	55463002	55464706	2
19	55464707	55476331	0
19	55476332	55484486	1
19	55484487	55485003	0
19	55485004	55487567	1
19	55487568	55488403	0
19	55488404	55519097	1
19	55519098	55529732	0
19	55529733	55537088	2
19	55537089	55540655	0
19	55540656	55545542	2
19	55545543	55576769	0
19	55576770	55580844	2
19	55580845	55591370	0
19	55591371	55600021	2
19	55600022	55601969	3
19	55601970	55603137	1
19	55603138	55605404	0
19	55605405	55617268	1
19	55617269	55620741	0
19	55620742	55624600	2
19	55624601	55635015	0
19	55635016	55653160	1
19	55653161	55654145	0
19	55654146	55674714	1
19	55674715	55675225	0
19	55675226	55708431	1
19	55708432	55709532	3
19	55709533	55709857	1
19	55709858	55738401	2
19	55738402	55759013	0
19	55759014	55763174	1
19	55763175	55769140	0
19	55769141	55773178	1
19	55773179	55785396	0
19	55785397	55836577	2
19	55836578	55836799	3
19	55836800	55881853	1
19	55881854	55891698	0
19	55891699	55932335	2
19	55932336	55947831	0
19	55947832	55988628	1
19	55988629	55999725	0
19	55999726	56061812	1
19	56061813	56087365	0
19	56087366	56121279	2
19	56121280	56132598	0
19	56132599	56160892	1
19	56160893	56176019	0
19	56176020	56185774	1
19	56185775	56189569	0
19	56189570	56197919	2
19	56197920	56202300	0
19	56202301	56209451	1
19	56209452	56219669	0
19	56219670	56368382	2
19	56368383	56375845	0
19	56375846	56393544	2
19	56393545	56404013	0
19	56404014	56427363	1
19	56427364	56439324	0
19	56439325	56478064	2
19	56478065	56507842	0
19	56507843	56530220	1
19	56530221	56538947	0
19	56538948	56556809	1
19	56556810	56567510	0
19	56567511	56588910	1
19	56588911	56595263	0
19	56595264	56626480	1
19	56626481	56643144	0
19	56643145	56655765	1
19	56655766	56661980	0
19	56661981	56671782	2
19	56671783	56774551	0
19	56774552	56840728	2
19	56840729	57119137	0
19	57119138	57131925	1
19	57131926	57134095	0
19	57134096	57145201	2
19	57145202	57154020	0
19	57154021	57167442	2
19	57167443	57191499	0
19	57191500	57222845	1
19	57222846	57230801	0
19	57230802	57235547	1
19	57235548	57240684	0
19	57240685	57255134	1
19	57255135	57280050	0
19	57280051	57293568	1
19	57293569	57320508	0
19	57320509	57330775	1
19	57330776	57351306	0
19	57351307	57359897	1
19	57359898	57363510	0
19	57363511	57437969	1
19	57437970	57438456	3
19	57438457	57445484	1
19	57445485	57477569	2
19	57477570	57487710	0
19	57487711	57496096	1
19	57496097	57499914	0
19	57499915	57518403	1
19	57518404	57527324	0
19	57527325	57535256	1
19	57535257	57540762	3
19	57540763	57541835	1
19	57541836	57552753	3
19	57552754	57557541	1
19	57557542	57559862	2
19	57559863	57571565	0
19	57571566	57578926	2
19	57578927	57583609	0
19	57583610	57593776	1
19	57593777	57599884	0
19	57599885	57612721	1
19	57612722	57614237	0
19	57614238	57624722	1
19	57624723	57630394	0
19	57630395	57642778	1
19	57642779	57668934	0
19	57668935	57679151	1
19	57679152	57681968	0
19	57681969	57697366	1
19	57697367	57709167	3
19	57709168	57719750	1
19	57719751	57727623	3
19	57727624	57758158	1
19	57758159	57769654	0
19	57769655	57803840	1
19	57803841	57813403	3
19	57813404	57850314	1
19	57850315	57856232	3
19	57856233	57858129	1
19	57858130	57858910	3
19	57858911	57864758	1
19	57864759	57865111	3
19	57865112	57889073	2
19	57889074	57900295	0
19	57900296	57916609	2
19	57916610	57921883	0
19	57921884	57935392	2
19	57935393	57940832	0
19	57940833	57947674	2
19	57947675	57958436	0
19	57958437	57974533	2
19	57974534	57977052	0
19	57977053	58003348	2
19	58003349	58034031	0
19	58034032	58054630	1
19	58054631	58059238	0
19	58059239	58069754	1
19	58069755	58083837	0
19	58083838	58118426	2
19	58118427	58126251	0
19	58126252	58155066	2
19	58155067	58183028	0
19	58183029	58213561	1
19	58213562	58228593	0
19	58228594	58277494	1
19	58277495	58278950	0
19	58278951	58302804	1
19	58302805	58305318	0
19	58305319	58315662	1
19	58315663	58327018	0
19	58327019	58342331	1
19	58342332	58346849	0
19	58346850	58353498	2
19	58353499	58354356	0
19	58354357	58362847	2
19	58362848	58367617	0
19	58367618	58381059	2
19	58381060	58386399	0
19	58386400	58394805	1
19	58394806	58396089	0
19	58396090	58397078	1
19	58397079	58408624	0
19	58408625	58418326	1
19	58418327	58432813	0
19	58432814	58440221	2
19	58440222	58451603	0
19	58451604	58457832	1
19	58457833	58467044	0
19	58467045	58481229	1
19	58481230	58498332	0
19	58498333	58512064	2
19	58512065	58513529	0
19	58513530	58538910	2
19	58538911	58544090	0
19	58544091	58550721	1
19	58550722	58551565	0
19	58551566	58555123	2
19	58555124	58555711	0
19	58555712	58558959	2
19	58558960	58561931	0
19	58561932	58573574	2
