<CHROM>	<START>	<END>	<TSB>
1	0	1001137	0
1	1001138	1014540	1
1	1014541	100133149	0
1	100133150	100148448	1
1	100148449	100150496	3
1	100150497	100178272	2
1	100178273	100186918	0
1	100186919	100249833	2
1	100249834	100266206	0
1	100266207	100292768	1
1	100292769	100345021	0
1	100345022	100520277	1
1	100520278	100538136	0
1	100538137	100542017	1
1	100542018	100719741	0
1	100719742	100739044	1
1	100739045	100872371	0
1	100872372	100895997	2
1	100895998	100896075	0
1	100896076	100981752	1
1	100981753	100990062	0
1	100990063	101025771	2
1	101025772	101236887	0
1	101236888	101241517	1
1	101241518	101802573	0
1	101802574	101997029	2
1	101997030	102876466	0
1	102876467	103108871	2
1	103108872	103525690	0
1	103525691	103579529	1
1	103579530	103616810	0
1	103616811	103625779	1
1	103625780	103655289	0
1	103655290	103664553	1
1	103664554	103687414	0
1	103687415	103696679	2
1	103696680	103750405	0
1	103750406	103758689	1
1	103758690	107056678	0
1	107056679	107059293	1
1	107059294	107140006	0
1	107140007	107483457	1
1	107483458	107571159	0
1	107571160	107965143	2
1	107965144	108134035	0
1	108134036	108200848	2
1	108200849	108223340	0
1	108223341	108244080	2
1	108244081	108450281	0
1	108450282	108471001	1
1	108471002	108560088	0
1	108560089	108644899	1
1	108644900	108648289	0
1	108648290	108661525	2
1	108661526	108692322	0
1	108692323	108701802	1
1	108701803	108712656	0
1	108712657	108742739	1
1	108742740	108746687	0
1	108746688	108809525	1
1	108809526	108815897	0
1	108815898	108875349	2
1	108875350	108934544	3
1	108934545	108963483	2
1	108963484	108970213	0
1	108970214	109042112	2
1	109042113	109064139	0
1	109064140	109076001	2
1	109076002	109089802	0
1	109089803	109096933	1
1	109096934	109105950	0
1	109105951	109113678	2
1	109113679	109113856	3
1	109113857	109203228	1
1	109203229	109213917	0
1	109213918	109238147	1
1	109238148	109250018	0
1	109250019	109275749	1
1	109275750	109279555	0
1	109279556	109283185	2
1	109283186	109292364	0
1	109292365	109307040	2
1	109307041	109309567	0
1	109309568	109397950	2
1	109397951	109399030	0
1	109399031	109426350	2
1	109426351	109466627	0
1	109466628	109482136	1
1	109482137	109483938	0
1	109483939	109492733	1
1	109492734	109494051	0
1	109494052	109502931	1
1	109502932	109504174	0
1	109504175	109509737	2
1	109509738	109539871	0
1	109539872	109547259	1
1	109547260	109548610	0
1	109548611	109603266	1
1	109603267	109613056	3
1	109613057	109618320	1
1	109618321	109619836	2
1	109619837	109619928	3
1	109619929	109632050	1
1	109632051	109656080	0
1	109656081	109709548	1
1	109709549	109712254	0
1	109712255	109718265	1
1	109718266	109733931	0
1	109733932	109741037	2
1	109741038	109750079	0
1	109750080	109764026	2
1	109764027	109910241	0
1	109910242	109930991	1
1	109930992	109984685	0
1	109984686	110023740	1
1	110023741	110031576	0
1	110031577	110054640	1
1	110054641	110059993	0
1	110059994	110070699	2
1	110070700	110112467	0
1	110112468	110113944	1
1	110113945	110150485	0
1	110150486	110202201	1
1	110202202	110211472	0
1	110211473	110249123	1
1	110249124	110338505	0
1	110338506	110346680	1
1	110346681	110362847	0
1	110362848	110391081	2
1	110391082	110401248	0
1	110401249	110407941	2
1	110407942	110451199	0
1	110451200	110457353	1
1	110457354	110517216	0
1	110517217	110519174	2
1	110519175	110593579	0
1	110593580	110631473	2
1	110631474	110672464	0
1	110672465	110675032	2
1	110675033	110873153	0
1	110873154	110899927	1
1	110899928	110947184	0
1	110947185	110964078	2
1	110964079	111117332	0
1	111117333	111139626	2
1	111139627	111140039	3
1	111140040	111140215	2
1	111140216	111185101	1
1	111185102	111187173	0
1	111187174	111200770	2
1	111200771	111204408	3
1	111204409	111243439	1
1	111243440	111290861	0
1	111290862	111320565	1
1	111320566	111346287	0
1	111346288	111353012	1
1	111353013	111414313	0
1	111414314	111427776	2
1	111427777	111439889	0
1	111439890	111448935	2
1	111448936	111449375	3
1	111449376	111462772	1
1	111462773	111473791	0
1	111473792	111478511	1
1	111478512	111483347	0
1	111483348	111542217	2
1	111542218	111563961	3
1	111563962	111716690	1
1	111716691	111722063	0
1	111722064	111755304	2
1	111755305	111755796	3
1	111755797	111768015	1
1	111768016	111770661	0
1	111770662	111989154	2
1	111989155	112396180	0
1	112396181	112461163	1
1	112461164	112466540	0
1	112466541	112523517	1
1	112523518	112530164	3
1	112530165	112619172	2
1	112619173	112619188	3
1	112619189	112619417	2
1	112619418	112671618	1
1	112671619	112674420	0
1	112674421	112700745	1
1	112700746	112701105	0
1	112701106	112715476	2
1	112715477	112720418	0
1	112720419	112727234	1
1	112727235	112911846	0
1	112911847	112957012	2
1	112957013	113073208	0
1	113073209	113132259	1
1	113132260	113390748	0
1	113390749	113685922	1
1	113685923	113697201	0
1	113697202	113759475	2
1	113759476	113761831	0
1	113761832	113812475	2
1	113812476	113813810	0
1	113813811	113871758	2
1	113871759	113880702	0
1	113880703	113887546	2
1	113887547	113894747	0
1	113894748	113905140	2
1	113905141	113905200	3
1	113905201	113914085	1
1	113914086	113929191	0
1	113929192	113977868	1
1	113977869	113979390	0
1	113979391	113982253	1
1	113982254	114089291	0
1	114089292	114153918	2
1	114153919	114392776	0
1	114392777	114511159	2
1	114511160	114567556	0
1	114567557	114581638	2
1	114581639	114582847	0
1	114582848	114670110	2
1	114670111	114673097	0
1	114673098	114695617	2
1	114695618	114704468	0
1	114704469	114716893	2
1	114716894	114716912	0
1	114716913	114758675	2
1	114758676	114769478	0
1	114769479	114780684	2
1	114780685	114854802	0
1	114854803	114995369	1
1	114995370	115029823	0
1	115029824	115034308	1
1	115034309	115048010	0
1	115048011	115089499	2
1	115089500	115285917	0
1	115285918	115338235	2
1	115338236	115641952	0
1	115641953	115698223	1
1	115698224	115700006	0
1	115700007	115768780	2
1	115768781	115836376	0
1	115836377	115843916	2
1	115843917	115976497	0
1	115976498	116070053	1
1	116070054	116111754	0
1	116111755	116135239	1
1	116135240	116372667	0
1	116372668	116410260	1
1	116410261	116514534	0
1	116514535	116571038	2
1	116571039	116574398	0
1	116574399	116667754	2
1	116667755	116754384	0
1	116754385	116769227	1
1	116769228	116910056	0
1	116910057	116990357	1
1	116990358	117001749	0
1	117001750	117036416	1
1	117036417	117060302	0
1	117060303	117107452	1
1	117107453	117111059	0
1	117111060	117122586	2
1	117122587	117143586	0
1	117143587	117210959	2
1	117210960	117367448	0
1	117367449	117528871	1
1	117528872	117605933	0
1	117605934	117628371	1
1	117628372	117863484	0
1	117863485	117929629	2
1	117929630	117929719	0
1	117929720	117953863	1
1	117953864	117966541	3
1	117966542	118185222	2
1	118185223	118883045	0
1	118883046	118989555	2
1	118989556	119031215	0
1	119031216	119140670	2
1	119140671	119368778	0
1	119368779	119394129	1
1	119394130	119414930	0
1	119414931	119423034	1
1	119423035	119507197	0
1	119507198	119515053	1
1	119515054	119619421	0
1	119619422	119647772	2
1	119647773	119648410	0
1	119648411	119744225	1
1	119744226	119747995	0
1	119747996	119768904	2
1	119768905	119794017	0
1	119794018	119811659	2
1	119811660	119893532	0
1	119893533	119896494	2
1	119896495	119911552	0
1	119911553	120069625	2
1	120069626	120150897	0
1	120150898	120176514	2
1	120176515	120723922	0
1	120723923	120841480	1
1	120841481	120889745	0
1	120889746	120890404	1
1	120890405	121087344	0
1	121087345	121096309	1
1	121096310	121167645	0
1	121167646	121184809	2
1	121184810	121185538	3
1	121185539	121392821	1
1	121392822	143905555	0
1	143905556	143905965	2
1	143905966	143955363	0
1	143955364	143971964	2
1	143971965	144372874	0
1	144372875	144373658	2
1	144373659	144421385	0
1	144421386	144461646	2
1	144461647	144592867	0
1	144592868	144593526	1
1	144593527	144887264	0
1	144887265	145095527	2
1	145095528	145095999	0
1	145096000	145112695	1
1	145112696	145241629	0
1	145241630	145242123	2
1	145242124	145289899	0
1	145289900	145405777	2
1	145405778	145607989	0
1	145607990	145670647	1
1	145670648	145670851	0
1	145670852	145708147	2
1	145708148	145719470	0
1	145719471	145738867	1
1	145738868	145739152	3
1	145739153	145739287	1
1	145739288	145824076	2
1	145824077	145824175	0
1	145824176	145842504	1
1	145842505	145845628	0
1	145845629	145848521	1
1	145848522	145848952	3
1	145848953	145859835	2
1	145859836	145866559	0
1	145866560	145885865	2
1	145885866	145891207	0
1	145891208	145910188	2
1	145910189	145911349	0
1	145911350	145918836	2
1	145918837	145921555	0
1	145921556	145927257	2
1	145927258	145927535	3
1	145927536	145933422	1
1	145933423	145958000	3
1	145958001	145959441	1
1	145959442	145964581	3
1	145964582	145978847	1
1	145978848	145992434	0
1	145992435	145996599	2
1	145996600	146017467	0
1	146017468	146036745	2
1	146036746	146064698	0
1	146064699	146144803	2
1	146144804	146146520	0
1	146146521	146229025	2
1	146229026	146344130	0
1	146344131	146344789	2
1	146344790	146938743	0
1	146938744	146996201	1
1	146996202	147155105	0
1	147155106	147172543	2
1	147172544	147184304	0
1	147184305	147225872	2
1	147225873	147242640	0
1	147242641	147295765	1
1	147295766	147541411	0
1	147541412	147626215	1
1	147626216	147629651	0
1	147629652	147670495	2
1	147670496	147756198	0
1	147756199	147773361	2
1	147773362	147907955	0
1	147907956	147909256	1
1	147909257	147928392	0
1	147928393	147993338	1
1	147993339	148102045	0
1	148102046	148152321	2
1	148152322	148479823	0
1	148479824	148483678	2
1	148483679	148531384	0
1	148531385	148679750	2
1	148679751	148748893	0
1	148748894	148750098	1
1	148750099	148808180	0
1	148808181	149033018	1
1	149033019	149054026	0
1	149054027	149103560	2
1	149103561	149390622	0
1	149390623	149556360	1
1	149556361	149583864	0
1	149583865	149584463	1
1	149584464	149782670	0
1	149782671	149782688	1
1	149782689	149791389	3
1	149791390	149812372	2
1	149812373	149813270	0
1	149813271	149813680	2
1	149813681	149832658	0
1	149832659	149833240	1
1	149833241	149839537	0
1	149839538	149841192	2
1	149841193	149842187	0
1	149842188	149842735	2
1	149842736	149851060	0
1	149851061	149851623	1
1	149851624	149852618	0
1	149852619	149854273	1
1	149854274	149860078	0
1	149860079	149861209	2
1	149861210	149884458	0
1	149884459	149886651	2
1	149886652	149886974	0
1	149886975	149887363	1
1	149887364	149887523	0
1	149887524	149887889	2
1	149887890	149887915	3
1	149887916	149900791	1
1	149900792	149903317	0
1	149903318	149917881	2
1	149917882	149923316	0
1	149923317	149928343	2
1	149928344	149928651	0
1	149928652	149936866	2
1	149936867	149937811	0
1	149937812	150010675	2
1	150010676	150067278	0
1	150067279	150145328	1
1	150145329	150149182	0
1	150149183	150160064	1
1	150160065	150218416	0
1	150218417	150236155	2
1	150236156	150257158	0
1	150257159	150265077	1
1	150265078	150265398	0
1	150265399	150268199	2
1	150268200	150269208	3
1	150269209	150269302	2
1	150269303	150280915	1
1	150280916	150282542	0
1	150282543	150287092	1
1	150287093	150293719	0
1	150293720	150308978	1
1	150308979	150321475	0
1	150321476	150353194	1
1	150353195	150364649	0
1	150364650	150476565	1
1	150476566	150487363	0
1	150487364	150507608	1
1	150507609	150508075	0
1	150508076	150513788	1
1	150513789	150549368	0
1	150549369	150560936	1
1	150560937	150574550	0
1	150574551	150579737	2
1	150579738	150600850	0
1	150600851	150629595	2
1	150629596	150646224	0
1	150646225	150697143	2
1	150697144	150698059	0
1	150698060	150720884	2
1	150720885	150730195	0
1	150730196	150765956	2
1	150765957	150796207	0
1	150796208	150808322	2
1	150808323	150809704	0
1	150809705	150876767	2
1	150876768	150887135	0
1	150887136	150913291	1
1	150913292	150926262	0
1	150926263	150963669	1
1	150963670	150964734	3
1	150964735	150964743	1
1	150964744	150975003	2
1	150975004	150982016	0
1	150982017	150995633	1
1	150995634	150996085	0
1	150996086	151008374	2
1	151008375	151008476	0
1	151008477	151035712	1
1	151035713	151036569	0
1	151036570	151047599	1
1	151047600	151047739	0
1	151047740	151050970	1
1	151050971	151051419	3
1	151051420	151057757	2
1	151057758	151068496	3
1	151068497	151070324	2
1	151070325	151070603	0
1	151070604	151125541	1
1	151125542	151131684	0
1	151131685	151146663	2
1	151146664	151156628	0
1	151156629	151159747	1
1	151159748	151159748	3
1	151159749	151160584	1
1	151160585	151165947	3
1	151165948	151169985	1
1	151169986	151170296	3
1	151170297	151176015	2
1	151176016	151176303	0
1	151176304	151190212	2
1	151190213	151197948	0
1	151197949	151249535	1
1	151249536	151254702	0
1	151254703	151267478	1
1	151267479	151281617	0
1	151281618	151291796	1
1	151291797	151292179	3
1	151292180	151327714	2
1	151327715	151340639	0
1	151340640	151347356	2
1	151347357	151364301	0
1	151364302	151372732	2
1	151372733	151399533	0
1	151399534	151401943	1
1	151401944	151402723	0
1	151402724	151459464	2
1	151459465	151510509	0
1	151510510	151538691	1
1	151538692	151540304	0
1	151540305	151583582	1
1	151583583	151612005	0
1	151612006	151699090	1
1	151699091	151702403	0
1	151702404	151710432	2
1	151710433	151716051	3
1	151716052	151716813	2
1	151716814	151729605	1
1	151729606	151759642	0
1	151759643	151762898	2
1	151762899	151763563	3
1	151763564	151771333	1
1	151771334	151771563	0
1	151771564	151791415	2
1	151791416	151800263	0
1	151800264	151831871	2
1	151831872	151837818	0
1	151837819	151840556	2
1	151840557	151847262	0
1	151847263	151853696	2
1	151853697	151873583	0
1	151873584	151909807	2
1	151909808	151982914	0
1	151982915	151994389	2
1	151994390	152032505	0
1	152032506	152037034	2
1	152037035	152084143	0
1	152084144	152089063	2
1	152089064	152106316	0
1	152106317	152115453	2
1	152115454	152153594	0
1	152153595	152159227	2
1	152159228	152212081	0
1	152212082	152224192	2
1	152224193	152302174	0
1	152302175	152325202	2
1	152325203	152348734	0
1	152348735	152360005	2
1	152360006	152409242	0
1	152409243	152414262	2
1	152414263	152510843	0
1	152510844	152512176	1
1	152512177	152514501	0
1	152514502	152516009	1
1	152516010	152565653	0
1	152565654	152566771	2
1	152566772	152579380	0
1	152579381	152580503	2
1	152580504	152600661	0
1	152600662	152601085	1
1	152601086	152613810	0
1	152613811	152614097	1
1	152614098	152622833	0
1	152622834	152623102	2
1	152623103	152663395	0
1	152663396	152664658	1
1	152664659	152675294	0
1	152675295	152676573	1
1	152676574	152686122	0
1	152686123	152687400	1
1	152687401	152698363	0
1	152698364	152699441	1
1	152699442	152708159	0
1	152708160	152709490	1
1	152709491	152719521	0
1	152719522	152720469	1
1	152720470	152759560	0
1	152759561	152762051	1
1	152762052	152776371	0
1	152776372	152776727	1
1	152776728	152786213	0
1	152786214	152788425	1
1	152788426	152796750	0
1	152796751	152798180	1
1	152798181	152804834	0
1	152804835	152806627	2
1	152806628	152811970	0
1	152811971	152813108	1
1	152813109	152827472	0
1	152827473	152827893	1
1	152827894	152842867	0
1	152842868	152843982	1
1	152843983	152878316	0
1	152878317	152885046	1
1	152885047	152908544	0
1	152908545	152911885	1
1	152911886	152947153	0
1	152947154	152949257	1
1	152949258	152970665	0
1	152970666	152972573	1
1	152972574	152985230	0
1	152985231	152985499	1
1	152985500	153001746	0
1	153001747	153003855	1
1	153003856	153031201	0
1	153031202	153032899	1
1	153032900	153039724	0
1	153039725	153041930	2
1	153041931	153056112	0
1	153056113	153057536	2
1	153057537	153070223	0
1	153070224	153070839	2
1	153070840	153093134	0
1	153093135	153106183	2
1	153106184	153112113	0
1	153112114	153113514	2
1	153113515	153149581	0
1	153149582	153150868	2
1	153150869	153203442	0
1	153203443	153205119	1
1	153205120	153217583	0
1	153217584	153219316	1
1	153219317	153259699	0
1	153259700	153262121	1
1	153262122	153297861	0
1	153297862	153310717	2
1	153310718	153330119	0
1	153330120	153348839	2
1	153348840	153357853	0
1	153357854	153361026	1
1	153361027	153373705	0
1	153373706	153375648	2
1	153375649	153390031	0
1	153390032	153391187	2
1	153391188	153416523	0
1	153416524	153423224	1
1	153423225	153437057	0
1	153437058	153439948	2
1	153439949	153457743	0
1	153457744	153460700	2
1	153460701	153534598	0
1	153534599	153536243	2
1	153536244	153537146	0
1	153537147	153541764	2
1	153541765	153543612	0
1	153543613	153550135	2
1	153550136	153561107	0
1	153561108	153567889	2
1	153567890	153606885	0
1	153606886	153613082	2
1	153613083	153614254	0
1	153614255	153616985	2
1	153616986	153618798	0
1	153618799	153627925	2
1	153627926	153628179	3
1	153628180	153628238	2
1	153628239	153632036	1
1	153632037	153633981	0
1	153633982	153646305	1
1	153646306	153658653	0
1	153658654	153661787	1
1	153661788	153661829	3
1	153661830	153671047	2
1	153671048	153678636	0
1	153678637	153693991	1
1	153693992	153728066	0
1	153728067	153780156	1
1	153780157	153789029	0
1	153789030	153923359	2
1	153923360	153929500	0
1	153929501	153946695	2
1	153946696	153947674	0
1	153947675	153958624	2
1	153958625	153959098	0
1	153959099	153967891	2
1	153967892	153968183	3
1	153968184	153974268	1
1	153974269	153974362	3
1	153974363	153977687	2
1	153977688	153981616	0
1	153981617	153986351	2
1	153986352	153990754	0
1	153990755	153992154	1
1	153992155	153992684	0
1	153992685	154155115	2
1	154155116	154155303	0
1	154155304	154194647	2
1	154194648	154199371	0
1	154199372	154206332	2
1	154206333	154206705	0
1	154206706	154220178	2
1	154220179	154220605	3
1	154220606	154220635	2
1	154220636	154271509	1
1	154271510	154272510	0
1	154272511	154275874	1
1	154275875	154321115	0
1	154321116	154325324	1
1	154325325	154325552	0
1	154325553	154351306	1
1	154351307	154405192	0
1	154405193	154469449	1
1	154469450	154469771	0
1	154469772	154502112	2
1	154502113	154502218	0
1	154502219	154548146	1
1	154548147	154548576	0
1	154548577	154558632	2
1	154558633	154567780	0
1	154567781	154580025	1
1	154580026	154582061	0
1	154582062	154627963	2
1	154627964	154697454	0
1	154697455	154870279	2
1	154870280	154924733	0
1	154924734	154936990	2
1	154936991	154944075	0
1	154944076	154956120	2
1	154956121	154957025	0
1	154957026	154962035	2
1	154962036	154962297	0
1	154962298	154974394	2
1	154974395	154974652	0
1	154974653	154979248	1
1	154979249	154983351	0
1	154983352	154993110	1
1	154993111	154993587	0
1	154993588	154994141	1
1	154994142	155002629	0
1	155002630	155018521	1
1	155018522	155018532	0
1	155018533	155033759	2
1	155033760	155033823	0
1	155033824	155050929	1
1	155050930	155051285	0
1	155051286	155062774	1
1	155062775	155063730	0
1	155063731	155087537	1
1	155087538	155127459	0
1	155127460	155134856	1
1	155134857	155135343	0
1	155135344	155138856	1
1	155138857	155139890	0
1	155139891	155140594	2
1	155140595	155169407	0
1	155169408	155173332	2
1	155173333	155173786	0
1	155173787	155184970	1
1	155184971	155185823	0
1	155185824	155192914	2
1	155192915	155195587	0
1	155195588	155207980	2
1	155207981	155208698	0
1	155208699	155213823	1
1	155213824	155234451	0
1	155234452	155244698	2
1	155244699	155247204	0
1	155247205	155255482	2
1	155255483	155255978	0
1	155255979	155262429	2
1	155262430	155262867	0
1	155262868	155273515	2
1	155273516	155277582	0
1	155277583	155289292	1
1	155289293	155289847	3
1	155289848	155301433	2
1	155301434	155308747	0
1	155308748	155320665	1
1	155320666	155320895	0
1	155320896	155331113	1
1	155331114	155335267	0
1	155335268	155562806	2
1	155562807	155610224	0
1	155610225	155614966	1
1	155614967	155659442	0
1	155659443	155687966	2
1	155687967	155688655	3
1	155688656	155688999	2
1	155689000	155739009	1
1	155739010	155749661	0
1	155749662	155859399	2
1	155859400	155859508	0
1	155859509	155885198	1
1	155885199	155897807	0
1	155897808	155911403	2
1	155911404	155913042	0
1	155913043	155934398	2
1	155934399	155941709	0
1	155941710	155942948	1
1	155942949	155946850	0
1	155946851	156007069	2
1	156007070	156009047	0
1	156009048	156020958	2
1	156020959	156035300	0
1	156035301	156053793	2
1	156053794	156054751	0
1	156054752	156058509	1
1	156058510	156061159	0
1	156061160	156070513	1
1	156070514	156072012	0
1	156072013	156081997	2
1	156081998	156082577	0
1	156082578	156140088	1
1	156140089	156147365	0
1	156147366	156177751	1
1	156177752	156193931	0
1	156193932	156212795	1
1	156212796	156212981	0
1	156212982	156243320	1
1	156243321	156243331	3
1	156243332	156248116	2
1	156248117	156249223	0
1	156249224	156282824	2
1	156282825	156282947	0
1	156282948	156292442	1
1	156292443	156292686	0
1	156292687	156295688	2
1	156295689	156298623	0
1	156298624	156299298	2
1	156299299	156308967	0
1	156308968	156337313	2
1	156337314	156338464	3
1	156338465	156338502	2
1	156338503	156346989	3
1	156346990	156367872	2
1	156367873	156369211	0
1	156369212	156385218	1
1	156385219	156404251	0
1	156404252	156429422	2
1	156429423	156463726	0
1	156463727	156500827	2
1	156500828	156525404	0
1	156525405	156572539	2
1	156572540	156579726	0
1	156579727	156586769	1
1	156586770	156591761	0
1	156591762	156594298	1
1	156594299	156594486	0
1	156594487	156601489	2
1	156601490	156619293	0
1	156619294	156625724	1
1	156625725	156641389	0
1	156641390	156659527	1
1	156659528	156668762	0
1	156668763	156677396	2
1	156677397	156699605	0
1	156699606	156705815	2
1	156705816	156721890	0
1	156721891	156728441	2
1	156728442	156728798	3
1	156728799	156736948	1
1	156736949	156737302	0
1	156737303	156741589	2
1	156741590	156742106	0
1	156742107	156752447	2
1	156752448	156767499	0
1	156767500	156800816	1
1	156800817	156806242	0
1	156806243	156815655	2
1	156815656	156816833	3
1	156816834	156816861	2
1	156816862	156840062	1
1	156840063	156859017	3
1	156859018	156881849	1
1	156881850	156893719	0
1	156893720	156916433	1
1	156916434	156920649	0
1	156920650	156933093	1
1	156933094	156934839	0
1	156934840	157045369	2
1	157045370	157092043	0
1	157092044	157099807	2
1	157099808	157121190	0
1	157121191	157138473	2
1	157138474	157513376	0
1	157513377	157552519	2
1	157552520	157573748	0
1	157573749	157598079	2
1	157598080	157676480	0
1	157676481	157700856	2
1	157700857	157745732	0
1	157745733	157777131	2
1	157777132	157794535	0
1	157794536	157820104	2
1	157820105	157830913	0
1	157830914	157841797	2
1	157841798	157993272	0
1	157993273	158100261	1
1	158100262	158179946	0
1	158179947	158184895	1
1	158184896	158254136	0
1	158254137	158258268	1
1	158258269	158289785	0
1	158289786	158293629	1
1	158293630	158327950	0
1	158327951	158331530	2
1	158331531	158353695	0
1	158353696	158357552	1
1	158357553	158398521	0
1	158398522	158399465	2
1	158399466	158418209	0
1	158418210	158426236	2
1	158426237	158461573	0
1	158461574	158468978	1
1	158468979	158472219	0
1	158472220	158480935	1
1	158480936	158544549	0
1	158544550	158554404	2
1	158554405	158560605	0
1	158560606	158570579	2
1	158570580	158578918	0
1	158578919	158579898	2
1	158579899	158605267	0
1	158605268	158610705	1
1	158610706	158612513	3
1	158612514	158686714	2
1	158686715	158699677	0
1	158699678	158700651	2
1	158700652	158716326	0
1	158716327	158720719	2
1	158720720	158754719	0
1	158754720	158755890	1
1	158755891	158764235	0
1	158764236	158772194	2
1	158772195	158774221	0
1	158774222	158781203	2
1	158781204	158831316	0
1	158831317	158849505	1
1	158849506	158930795	0
1	158930796	158977053	1
1	158977054	158999967	0
1	158999968	159055154	1
1	159055155	159062483	0
1	159062484	159140507	2
1	159140508	159171608	0
1	159171609	159206499	1
1	159206500	159289713	0
1	159289714	159308223	1
1	159308224	159313669	0
1	159313670	159314658	2
1	159314659	159437844	0
1	159437845	159443077	1
1	159443078	159535077	0
1	159535078	159536006	2
1	159536007	159587824	0
1	159587825	159588864	1
1	159588865	159712288	0
1	159712289	159714588	2
1	159714589	159780931	0
1	159780932	159782542	1
1	159782543	159800511	0
1	159800512	159816250	1
1	159816251	159826749	0
1	159826750	159837248	1
1	159837249	159854315	0
1	159854316	159862656	2
1	159862657	159872363	0
1	159872364	159900162	2
1	159900163	159918106	0
1	159918107	159925731	2
1	159925732	159927038	0
1	159927039	159945603	2
1	159945604	159951491	0
1	159951492	159954253	2
1	159954254	159998650	0
1	159998651	160070482	2
1	160070483	160081569	0
1	160081570	160090562	1
1	160090563	160091339	0
1	160091340	160098942	2
1	160098943	160115772	0
1	160115773	160143590	1
1	160143591	160151569	0
1	160151570	160186976	1
1	160186977	160190555	0
1	160190556	160201885	1
1	160201886	160205336	0
1	160205337	160215375	1
1	160215376	160215714	0
1	160215715	160285145	2
1	160285146	160289272	0
1	160289273	160343271	2
1	160343272	160343399	3
1	160343400	160358951	1
1	160358952	160367066	0
1	160367067	160372847	1
1	160372848	160400585	0
1	160400586	160428677	1
1	160428678	160485029	0
1	160485030	160523261	2
1	160523262	160541094	0
1	160541095	160579515	2
1	160579516	160608099	0
1	160608100	160647294	2
1	160647295	160678745	0
1	160678746	160711850	2
1	160711851	160739056	0
1	160739057	160754820	1
1	160754821	160796073	0
1	160796074	160828260	1
1	160828261	160830159	0
1	160830160	160862854	2
1	160862855	160876538	0
1	160876539	160885169	2
1	160885170	160945024	0
1	160945025	160954798	2
1	160954799	160995210	0
1	160995211	161021347	2
1	161021348	161037630	0
1	161037631	161038989	2
1	161038990	161039250	0
1	161039251	161045976	2
1	161045977	161046947	0
1	161046948	161069969	2
1	161069970	161070994	0
1	161070995	161089598	2
1	161089599	161098393	0
1	161098394	161100345	1
1	161100346	161100555	0
1	161100556	161118100	2
1	161118101	161118110	3
1	161118111	161120973	1
1	161120974	161121066	3
1	161121067	161121786	1
1	161121787	161125444	3
1	161125445	161132687	2
1	161132688	161153751	0
1	161153752	161158855	1
1	161158856	161159449	0
1	161159450	161165722	1
1	161165723	161166409	0
1	161166410	161171309	1
1	161171310	161177040	3
1	161177041	161177091	1
1	161177092	161177967	2
1	161177968	161184307	0
1	161184308	161199055	2
1	161199056	161199314	0
1	161199315	161214394	1
1	161214395	161215278	0
1	161215279	161220698	1
1	161220699	161222291	0
1	161222292	161223630	2
1	161223631	161225938	0
1	161225939	161229665	1
1	161229666	161230743	3
1	161230744	161238301	2
1	161238302	161258726	0
1	161258727	161285449	1
1	161285450	161304734	0
1	161304735	161309971	2
1	161309972	161314256	0
1	161314257	161364730	1
1	161364731	161367873	3
1	161367874	161375339	1
1	161375340	161505429	0
1	161505430	161519966	1
1	161519967	161524539	0
1	161524540	161526909	1
1	161526910	161541758	0
1	161541759	161550736	2
1	161550737	161623195	0
1	161623196	161631962	2
1	161631963	161663146	0
1	161663147	161678653	1
1	161678654	161706971	0
1	161706972	161714350	1
1	161714351	161721562	0
1	161721563	161728142	1
1	161728143	161749769	0
1	161749770	161757161	1
1	161757162	161766293	0
1	161766294	161964069	1
1	161964070	161983191	0
1	161983192	162023853	2
1	162023854	162069773	0
1	162069774	162373202	1
1	162373203	162376869	3
1	162376870	162386817	1
1	162386818	162395265	0
1	162395266	162412125	2
1	162412126	162497250	0
1	162497251	162529628	1
1	162529629	162561505	0
1	162561506	162599841	1
1	162599842	162631372	0
1	162631373	162787399	1
1	162787400	162790722	0
1	162790723	162812528	1
1	162812529	162851315	0
1	162851316	162868814	2
1	162868815	163068774	0
1	163068775	163076801	1
1	163076802	163142298	0
1	163142299	163266575	2
1	163266576	163321790	3
1	163321791	163355763	1
1	163355764	164559199	0
1	164559200	164851830	1
1	164851831	165201866	0
1	165201867	165356714	2
1	165356715	165400916	0
1	165400917	165445354	2
1	165445355	165544006	0
1	165544007	165563960	1
1	165563961	165630860	0
1	165630861	165661795	1
1	165661796	165662215	0
1	165662216	165698862	2
1	165698863	165724292	0
1	165724293	165827530	2
1	165827531	165827754	3
1	165827755	165911607	1
1	165911608	166070018	0
1	166070019	166166968	2
1	166166969	166839446	0
1	166839447	166856343	1
1	166856344	166856509	0
1	166856510	166876326	2
1	166876327	166908190	0
1	166908191	166975481	2
1	166975482	166975581	0
1	166975582	167022213	1
1	167022214	167052835	0
1	167052836	167094044	2
1	167094045	167129128	3
1	167129129	167166478	2
1	167166479	167220828	0
1	167220829	167427344	1
1	167427345	167430639	0
1	167430640	167518609	2
1	167518610	167541012	0
1	167541013	167553766	2
1	167553767	167630092	0
1	167630093	167706248	1
1	167706249	167721949	0
1	167721950	167791918	1
1	167791919	167809387	0
1	167809388	167914214	2
1	167914215	167916728	0
1	167916729	167936558	2
1	167936559	167937039	3
1	167937040	168075842	1
1	168075843	168079542	0
1	168079543	168137666	2
1	168137667	168178932	0
1	168178933	168202113	1
1	168202114	168225949	0
1	168225950	168253024	1
1	168253025	168281039	0
1	168281040	168314425	1
1	168314426	168540764	0
1	168540765	168543996	2
1	168543997	168576472	0
1	168576473	168582076	1
1	168582077	168695458	0
1	168695459	168729263	2
1	168729264	169105696	0
1	169105697	169132530	1
1	169132531	169132721	3
1	169132722	169367966	2
1	169367967	169367969	0
1	169367970	169394869	1
1	169394870	169396539	3
1	169396540	169460668	2
1	169460669	169463908	0
1	169463909	169486002	2
1	169486003	169514165	0
1	169514166	169586587	2
1	169586588	169588848	0
1	169588849	169630192	2
1	169630193	169690666	0
1	169690667	169711697	2
1	169711698	169722640	0
1	169722641	169764704	2
1	169764705	169792528	0
1	169792529	169794729	2
1	169794730	169794965	3
1	169794966	169849630	1
1	169849631	169854079	3
1	169854080	169894266	2
1	169894267	169921325	0
1	169921326	170074737	2
1	170074738	170146000	0
1	170146001	170167789	1
1	170167790	170532128	0
1	170532129	170553445	1
1	170553446	170663133	0
1	170663134	170739418	1
1	170739419	170935470	0
1	170935471	171064764	1
1	171064765	171090876	0
1	171090877	171117818	1
1	171117819	171185207	0
1	171185208	171211229	1
1	171211230	171248470	0
1	171248471	171285977	1
1	171285978	171314233	0
1	171314234	171342083	1
1	171342084	171485550	0
1	171485551	171593510	1
1	171593511	171600620	0
1	171600621	171635416	1
1	171635417	171638798	3
1	171638799	171652682	2
1	171652683	171700159	0
1	171700160	171742246	2
1	171742247	171781681	0
1	171781682	171797716	1
1	171797717	171841497	0
1	171841498	172418465	1
1	172418466	172420687	0
1	172420688	172441456	1
1	172441457	172444059	3
1	172444060	172468830	1
1	172468831	172532348	0
1	172532349	172611832	1
1	172611833	172659017	0
1	172659018	172666873	1
1	172666874	173039959	0
1	173039960	173050962	2
1	173050963	173183733	0
1	173183734	173207312	2
1	173207313	173477265	0
1	173477266	173488806	1
1	173488807	173500463	0
1	173500464	173603093	2
1	173603094	173609560	0
1	173609561	173635332	2
1	173635333	173637133	3
1	173637134	173669861	2
1	173669862	173714983	0
1	173714984	173786701	1
1	173786702	173799549	0
1	173799550	173824321	2
1	173824322	173824502	0
1	173824503	173858545	1
1	173858546	173868081	0
1	173868082	173903548	1
1	173903549	173903803	0
1	173903804	173917377	2
1	173917378	173931213	0
1	173931214	174022296	2
1	174022297	174159409	0
1	174159410	174995307	1
1	174995308	174999162	0
1	174999163	175011714	1
1	175011715	175012957	0
1	175012958	175023424	2
1	175023425	175067857	0
1	175067858	175148065	1
1	175148066	175156986	0
1	175156987	175192942	2
1	175192943	175315193	0
1	175315194	175743769	2
1	175743770	175944830	0
1	175944831	176207492	2
1	176207493	176463170	0
1	176463171	176845604	1
1	176845605	176857301	0
1	176857302	177164866	2
1	177164867	177171496	0
1	177171497	177282421	1
1	177282422	177929145	0
1	177929146	177970212	2
1	177970213	178094140	0
1	178094141	178479246	1
1	178479247	178484146	3
1	178484147	178496938	2
1	178496939	178513076	0
1	178513077	178523430	1
1	178523431	178725146	0
1	178725147	178849704	1
1	178849705	178871051	3
1	178871052	178921840	1
1	178921841	179025803	0
1	179025804	179076561	1
1	179076562	179081376	0
1	179081377	179098022	1
1	179098023	179099326	0
1	179099327	179229683	2
1	179229684	179293713	0
1	179293714	179358679	1
1	179358680	179365719	0
1	179365720	179550538	1
1	179550539	179554732	3
1	179554733	179554734	1
1	179554735	179575951	2
1	179575952	179591612	0
1	179591613	179691271	1
1	179691272	179743162	0
1	179743163	179816197	1
1	179816198	179839966	0
1	179839967	179877802	2
1	179877803	179882041	0
1	179882042	179924999	1
1	179925000	179954737	0
1	179954738	180114879	1
1	180114880	180154833	0
1	180154834	180204029	1
1	180204030	180230285	0
1	180230286	180269652	1
1	180269653	180278981	3
1	180278982	180502953	2
1	180502954	180632003	0
1	180632004	180890250	1
1	180890251	180913188	0
1	180913189	180951613	1
1	180951614	180972711	0
1	180972712	181023120	2
1	181023121	181033424	0
1	181033425	181061937	1
1	181061938	181088711	0
1	181088712	181092898	1
1	181092899	181317689	0
1	181317690	181808083	1
1	181808084	182054569	0
1	182054570	182061711	2
1	182061712	182381703	0
1	182381704	182392205	2
1	182392206	182398116	0
1	182398117	182400615	2
1	182400616	182409191	0
1	182409192	182560592	1
1	182560593	182573633	0
1	182573634	182589255	2
1	182589256	182598622	0
1	182598623	182604407	2
1	182604408	182641815	0
1	182641816	182672913	2
1	182672914	182789448	0
1	182789449	182830383	1
1	182830384	182839368	0
1	182839369	182887750	1
1	182887751	182899864	0
1	182899865	182953369	2
1	182953370	183023459	0
1	183023460	183145591	1
1	183145592	183186237	0
1	183186238	183244899	1
1	183244900	183248236	0
1	183248237	183418601	2
1	183418602	183472477	0
1	183472478	183554192	1
1	183554193	183555562	0
1	183555563	183590875	2
1	183590876	183620845	0
1	183620846	183635756	2
1	183635757	183636084	0
1	183636085	183646403	1
1	183646404	183653312	3
1	183653313	183928530	1
1	183928531	183935836	0
1	183935837	184037728	2
1	184037729	184051650	0
1	184051651	184097484	1
1	184097485	184387057	0
1	184387058	184629019	1
1	184629020	184690230	0
1	184690231	184754912	2
1	184754913	184790723	0
1	184790724	184974549	2
1	184974550	185045363	0
1	185045364	185102607	1
1	185102608	185118097	0
1	185118098	185156980	2
1	185156981	185157079	0
1	185157080	185291764	1
1	185291765	185296387	0
1	185296388	185317328	2
1	185317329	185734550	0
1	185734551	186190948	1
1	186190949	186296278	0
1	186296279	186311651	1
1	186311652	186314561	3
1	186314562	186375692	2
1	186375693	186375837	0
1	186375838	186421377	1
1	186421378	186443565	0
1	186443566	186461121	2
1	186461122	186671790	0
1	186671791	186680426	2
1	186680427	186828952	0
1	186828953	186988980	1
1	186988981	190097661	0
1	190097662	190477881	2
1	190477882	192158456	0
1	192158457	192185814	1
1	192185815	192316991	0
1	192316992	192367284	1
1	192367285	192575726	0
1	192575727	192580030	1
1	192580031	192636137	0
1	192636138	192660305	1
1	192660306	192716131	0
1	192716132	192716652	1
1	192716653	192809040	0
1	192809041	192812282	1
1	192812283	193012249	0
1	193012250	193059421	2
1	193059422	193059495	3
1	193059496	193059618	2
1	193059619	193060079	3
1	193060080	193091776	1
1	193091777	193096467	0
1	193096468	193106113	2
1	193106114	193122016	0
1	193122017	193179044	1
1	193179045	193186653	3
1	193186654	193253900	1
1	193253901	196225778	0
1	196225779	196609224	2
1	196609225	196651877	0
1	196651878	196747503	1
1	196747504	196774794	0
1	196774795	196795405	1
1	196795406	196819744	0
1	196819745	196959225	1
1	196959226	196977555	0
1	196977556	197009673	1
1	197009674	197039190	0
1	197039191	197067266	2
1	197067267	197084127	0
1	197084128	197146693	2
1	197146694	197153679	0
1	197153680	197200541	2
1	197200542	197268203	0
1	197268204	197478454	1
1	197478455	197504747	0
1	197504748	197775632	2
1	197775633	197902646	0
1	197902647	197907366	1
1	197907367	197911901	0
1	197911902	197935477	1
1	197935478	198156962	0
1	198156963	198322419	1
1	198322420	198523221	0
1	198523222	198540944	2
1	198540945	198638456	0
1	198638457	198757475	1
1	198757476	200027601	0
1	200027602	200177423	1
1	200177424	200404939	0
1	200404940	200410055	2
1	200410056	200551496	0
1	200551497	200620733	2
1	200620734	200623895	0
1	200623896	200669968	2
1	200669969	200739557	0
1	200739558	200860703	1
1	200860704	200872954	0
1	200872955	200874177	1
1	200874178	200891047	0
1	200891048	200915734	1
1	200915735	200969389	0
1	200969390	201023699	2
1	201023700	201039511	0
1	201039512	201112565	2
1	201112566	201113952	0
1	201113953	201127183	2
1	201127184	201134771	0
1	201134772	201171573	2
1	201171574	201190824	0
1	201190825	201228951	1
1	201228952	201283451	0
1	201283452	201332992	1
1	201332993	201359007	0
1	201359008	201399914	2
1	201399915	201403767	0
1	201403768	201429865	2
1	201429866	201464382	0
1	201464383	201469236	2
1	201469237	201483529	0
1	201483530	201509455	2
1	201509456	201622884	0
1	201622885	201826968	1
1	201826969	201829140	0
1	201829141	201884293	1
1	201884294	201888707	0
1	201888708	201892305	1
1	201892306	201896451	0
1	201896452	201946587	2
1	201946588	201955490	0
1	201955491	201970660	1
1	201970661	201982623	0
1	201982624	202006146	1
1	202006147	202007944	0
1	202007945	202017187	1
1	202017188	202122857	0
1	202122858	202133403	1
1	202133404	202133591	3
1	202133592	202144742	2
1	202144743	202147012	0
1	202147013	202161587	2
1	202161588	202193900	0
1	202193901	202319780	1
1	202319781	202331656	0
1	202331657	202341965	2
1	202341966	202348698	0
1	202348699	202590595	1
1	202590596	202592705	3
1	202592706	202710416	2
1	202710417	202724490	0
1	202724491	202809469	2
1	202809470	202878956	0
1	202878957	202889134	2
1	202889135	202891099	0
1	202891100	202928635	2
1	202928636	202940822	0
1	202940823	202958571	2
1	202958572	202961868	0
1	202961869	202967279	2
1	202967280	203007385	0
1	203007386	203024847	1
1	203024848	203026497	0
1	203026498	203078739	1
1	203078740	203083131	0
1	203083132	203086035	2
1	203086036	203090653	0
1	203090654	203167404	1
1	203167405	203167810	0
1	203167811	203175812	2
1	203175813	203178930	0
1	203178931	203186748	2
1	203186749	203216078	0
1	203216079	203229670	2
1	203229671	203305535	0
1	203305536	203309601	1
1	203309602	203340627	0
1	203340628	203351488	2
1	203351489	203475827	0
1	203475828	203491351	1
1	203491352	203494142	0
1	203494143	203508863	1
1	203508864	203626560	0
1	203626561	203744080	1
1	203744081	203765175	0
1	203765176	203776116	1
1	203776117	203795653	0
1	203795654	203854998	1
1	203854999	203861614	0
1	203861615	203870549	1
1	203870550	204073603	0
1	204073604	204127742	1
1	204127743	204131061	0
1	204131062	204152002	2
1	204152003	204154818	0
1	204154819	204190323	2
1	204190324	204190340	0
1	204190341	204196485	2
1	204196486	204198159	0
1	204198160	204214091	2
1	204214092	204218850	0
1	204218851	204377664	2
1	204377665	204403386	0
1	204403387	204411790	2
1	204411791	204422627	0
1	204422628	204494723	2
1	204494724	204516378	0
1	204516379	204558119	1
1	204558120	204617169	0
1	204617170	204685732	2
1	204685733	204828653	0
1	204828654	205022821	1
1	205022822	205042967	0
1	205042968	205078283	1
1	205078284	205083128	0
1	205083129	205084459	2
1	205084460	205086141	0
1	205086142	205122014	2
1	205122015	205142504	0
1	205142505	205211565	2
1	205211566	205228175	0
1	205228176	205273342	1
1	205273343	205302058	0
1	205302059	205321790	2
1	205321791	205336064	0
1	205336065	205357089	2
1	205357090	205381377	0
1	205381378	205455953	2
1	205455954	205504594	0
1	205504595	205532792	1
1	205532793	205568976	0
1	205568977	205602917	1
1	205602918	205607942	0
1	205607943	205631961	2
1	205631962	205657850	0
1	205657851	205680458	2
1	205680459	205712818	0
1	205712819	205750275	2
1	205750276	205767985	0
1	205767986	205775458	2
1	205775459	205789092	0
1	205789093	205813175	2
1	205813176	205828021	0
1	205828022	205850116	2
1	205850117	205913047	0
1	205913048	205943459	2
1	205943460	205976739	0
1	205976740	206003460	2
1	206003461	206009263	0
1	206009264	206023908	2
1	206023909	206052722	0
1	206052723	206102458	1
1	206102459	206109691	0
1	206109692	206117354	2
1	206117355	206186178	0
1	206186179	206203344	2
1	206203345	206204064	3
1	206204065	206204092	2
1	206204093	206464442	1
1	206464443	206470494	0
1	206470495	206496888	1
1	206496889	206507529	0
1	206507530	206589447	1
1	206589448	206591641	0
1	206591642	206612458	2
1	206612459	206635535	0
1	206635536	206649196	1
1	206649197	206684943	0
1	206684944	206734282	1
1	206734283	206767601	0
1	206767602	206772493	2
1	206772494	206798869	0
1	206798870	206842980	1
1	206842981	206865353	0
1	206865354	206869222	1
1	206869223	206897442	0
1	206897443	206904138	1
1	206904139	206904385	0
1	206904386	206923246	2
1	206923247	206928517	0
1	206928518	206946465	2
1	206946466	206957966	0
1	206957967	206970624	2
1	206970625	207018520	0
1	207018521	207032755	2
1	207032756	207034365	0
1	207034366	207043848	1
1	207043849	207051076	3
1	207051077	207081023	1
1	207081024	207088841	0
1	207088842	207099992	1
1	207099993	207104261	0
1	207104262	207144971	1
1	207144972	207321375	0
1	207321376	207373245	1
1	207373246	207454229	0
1	207454230	207489894	1
1	207489895	207496146	0
1	207496147	207641764	1
1	207641765	207645173	0
1	207645174	207723702	1
1	207723703	207752056	0
1	207752057	207795512	1
1	207795513	207880971	0
1	207880972	207911401	2
1	207911402	208022241	0
1	208022242	208244319	2
1	208244320	209583716	0
1	209583717	209613937	1
1	209613938	209614869	0
1	209614870	209652465	2
1	209652466	209675419	0
1	209675420	209676387	1
1	209676388	209686177	0
1	209686178	209734949	1
1	209734950	209756031	0
1	209756032	209779207	1
1	209779208	209779654	3
1	209779655	209782319	1
1	209782320	209784558	2
1	209784559	209785622	0
1	209785623	209806174	2
1	209806175	209828006	0
1	209828007	209857564	1
1	209857565	209938173	0
1	209938174	210171388	1
1	210171389	210232798	0
1	210232799	210246254	1
1	210246255	210328251	0
1	210328252	210676295	1
1	210676296	210676822	0
1	210676823	211188532	2
1	211188533	211258376	0
1	211258377	211316384	1
1	211316385	211326614	0
1	211326615	211374945	1
1	211374946	211476521	0
1	211476522	211492916	2
1	211492917	211571567	0
1	211571568	211578741	2
1	211578742	211658656	0
1	211658657	211675629	2
1	211675630	211743456	0
1	211743457	211830771	2
1	211830772	211940400	0
1	211940401	212035541	2
1	212035542	212035552	0
1	212035553	212105005	1
1	212105006	212285536	0
1	212285537	212361862	1
1	212361863	212363930	0
1	212363931	212414900	2
1	212414901	212432886	0
1	212432887	212446378	1
1	212446379	212565333	0
1	212565334	212620776	1
1	212620777	212624473	0
1	212624474	212626777	1
1	212626778	212686417	0
1	212686418	212699984	2
1	212699985	212726152	0
1	212726153	212791781	2
1	212791782	212791827	0
1	212791828	212816625	1
1	212816626	212830140	0
1	212830141	212847648	2
1	212847649	212858254	0
1	212858255	212899362	1
1	212899363	212950519	0
1	212950520	212991584	1
1	212991585	212992181	0
1	212992182	213015825	2
1	213015826	213051232	0
1	213051233	213274772	1
1	213274773	213983180	0
1	213983181	214041501	1
1	214041502	214281232	0
1	214281233	214337130	1
1	214337131	214348695	0
1	214348696	214551222	2
1	214551223	214603194	0
1	214603195	214664587	1
1	214664588	215005854	0
1	215005855	215237092	1
1	215237093	215567391	0
1	215567392	215621806	1
1	215621807	215622893	0
1	215622894	216423395	2
1	216423396	216503245	0
1	216503246	217137754	2
1	217137755	217426991	0
1	217426992	217631081	2
1	217631082	217631323	0
1	217631324	217871695	1
1	217871696	218285286	0
1	218285287	218337982	1
1	218337983	218346234	0
1	218346235	218444618	1
1	218444619	219173843	0
1	219173844	219212864	1
1	219212865	219608346	0
1	219608347	219613144	2
1	219613145	219915153	0
1	219915154	219928601	2
1	219928602	219968600	0
1	219968601	220046657	2
1	220046658	220057481	0
1	220057482	220090461	2
1	220090462	220094101	0
1	220094102	220148040	1
1	220148041	220148292	0
1	220148293	220272453	2
1	220272454	220528182	0
1	220528183	220664460	1
1	220664461	220689844	0
1	220689845	220699156	1
1	220699157	220748268	0
1	220748269	220784814	1
1	220784815	220786758	0
1	220786759	220819656	1
1	220819657	220879399	0
1	220879400	220885058	1
1	220885059	221701423	0
1	221701424	221742175	2
1	221742176	222522259	0
1	222522260	222548102	2
1	222548103	222557901	0
1	222557902	222589932	2
1	222589933	222618085	0
1	222618086	222668011	1
1	222668012	222668012	0
1	222668013	222712523	2
1	222712524	222712552	0
1	222712553	222735195	1
1	222735196	222737206	0
1	222737207	222750659	1
1	222750660	222928423	0
1	222928424	223005994	1
1	223005995	223109405	0
1	223109406	223143281	2
1	223143282	223220818	0
1	223220819	223364201	2
1	223364202	223393416	0
1	223393417	223395469	1
1	223395470	223538007	0
1	223538008	223665733	2
1	223665734	223701592	0
1	223701593	223776017	1
1	223776018	223779898	0
1	223779899	223845971	2
1	223845972	224114086	0
1	224114087	224162046	1
1	224162047	224175755	0
1	224175756	224193440	1
1	224193441	224227333	0
1	224227334	224330386	2
1	224330387	224356849	0
1	224356850	224379451	1
1	224379452	224385142	0
1	224385143	224437032	2
1	224437033	224616292	0
1	224616293	224740548	1
1	224740549	224896261	0
1	224896262	225399291	1
1	225399292	225401501	0
1	225401502	225428924	2
1	225428925	225486834	0
1	225486835	225653141	2
1	225653142	225777812	0
1	225777813	225790465	1
1	225790466	225810091	0
1	225810092	225845535	1
1	225845536	225845558	3
1	225845559	225845562	1
1	225845563	225882368	2
1	225882369	225886281	0
1	225886282	225924339	2
1	225924340	225936597	0
1	225936598	225941488	2
1	225941489	225982701	0
1	225982702	225999330	2
1	225999331	226061850	0
1	226061851	226072000	1
1	226072001	226144678	0
1	226144679	226186729	2
1	226186730	226223617	0
1	226223618	226227053	1
1	226227054	226231148	0
1	226231149	226309868	2
1	226309869	226360690	0
1	226360691	226408078	2
1	226408079	226548799	0
1	226548800	226609213	1
1	226609214	226631689	0
1	226631690	226739322	2
1	226739323	226870183	0
1	226870184	226896104	1
1	226896105	226897535	0
1	226897536	226987544	1
1	226987545	226989864	0
1	226989865	227318473	2
1	227318474	227563542	0
1	227563543	227677442	1
1	227677443	227728656	0
1	227728657	227731188	1
1	227731189	227735410	3
1	227735411	227781230	1
1	227781231	227815692	0
1	227815693	227846469	1
1	227846470	227918655	0
1	227918656	227947897	2
1	227947898	228007050	0
1	228007051	228061259	1
1	228061260	228082659	0
1	228082660	228099211	1
1	228099212	228100730	0
1	228100731	228103461	2
1	228103462	228106678	0
1	228106679	228109311	2
1	228109312	228139961	0
1	228139962	228148983	1
1	228148984	228149851	0
1	228149852	228159825	1
1	228159826	228165814	0
1	228165815	228182256	1
1	228182257	228208129	0
1	228208130	228378873	1
1	228378874	228393672	0
1	228393673	228406839	2
1	228406840	228407939	0
1	228407940	228416860	2
1	228416861	228424844	0
1	228424845	228425324	2
1	228425325	228456978	0
1	228456979	228457872	2
1	228457873	228458106	0
1	228458107	228460469	1
1	228460470	228487060	0
1	228487061	228495765	1
1	228495766	228735076	0
1	228735077	228746668	1
1	228746669	229249635	0
1	229249636	229251809	1
1	229251810	229271061	0
1	229271062	229305893	1
1	229305894	229321004	0
1	229321005	229342940	2
1	229342941	229431244	0
1	229431245	229434097	2
1	229434098	229440259	0
1	229440260	229508340	2
1	229508341	229516581	0
1	229516582	229558694	2
1	229558695	229593110	0
1	229593111	229626046	2
1	229626047	229626233	0
1	229626234	229660198	1
1	229660199	230067208	0
1	230067209	230282123	1
1	230282124	230314481	0
1	230314482	230426370	2
1	230426371	230642491	0
1	230642492	230693981	1
1	230693982	230702522	0
1	230702523	230714296	2
1	230714297	230747383	0
1	230747384	230802002	1
1	230802003	230837118	0
1	230837119	230869588	2
1	230869589	230906242	0
1	230906243	230978860	2
1	230978861	230979048	0
1	230979049	231000594	1
1	231000595	231018957	0
1	231018958	231040245	2
1	231040246	231162111	0
1	231162112	231184097	1
1	231184098	231187626	3
1	231187627	231221555	1
1	231221556	231223762	0
1	231223763	231241177	2
1	231241178	231241206	0
1	231241207	231277972	1
1	231277973	231332752	0
1	231332753	231337103	2
1	231337104	231337851	3
1	231337852	231355022	1
1	231355023	231363750	0
1	231363751	231425043	2
1	231425044	231528652	0
1	231528653	231566523	1
1	231566524	231626814	0
1	231626815	232041271	1
1	232041272	232397964	0
1	232397965	232561557	2
1	232561558	232804891	0
1	232804892	232808406	1
1	232808407	232950623	0
1	232950624	232983434	1
1	232983435	232983881	3
1	232983882	233295712	2
1	233295713	233327767	0
1	233327768	233385147	1
1	233385148	233614003	0
1	233614004	233672511	1
1	233672512	233904932	0
1	233904933	234324515	1
1	234324516	234373455	0
1	234373456	234384048	1
1	234384049	234391312	0
1	234391313	234479102	2
1	234479103	234604268	0
1	234604269	234609524	2
1	234609525	235109335	0
1	235109336	235128935	2
1	235128936	235131182	0
1	235131183	235161456	2
1	235161457	235166894	0
1	235166895	235327349	2
1	235327350	235327486	3
1	235327487	235328218	2
1	235328219	235449922	1
1	235449923	235452442	3
1	235452443	235504480	2
1	235504481	235547686	0
1	235547687	235650753	2
1	235650754	235661040	0
1	235661041	235866923	2
1	235866924	235975829	0
1	235975830	236065161	2
1	236065162	236142531	0
1	236142532	236208908	1
1	236208909	236215554	0
1	236215555	236281984	2
1	236281985	236348256	0
1	236348257	236484913	1
1	236484914	236517999	0
1	236518000	236549004	1
1	236549005	236552980	3
1	236552981	236604503	2
1	236604504	236686453	0
1	236686454	236764630	1
1	236764631	236795280	0
1	236795281	236903980	1
1	236903981	237004102	0
1	237004103	237004417	2
1	237004418	237042204	0
1	237042205	237833987	1
1	237833988	237877863	0
1	237877864	237890921	2
1	237890922	237943723	0
1	237943724	237945274	2
1	237945275	239629072	0
1	239629073	239915451	1
1	239915452	240014347	0
1	240014348	240475188	1
1	240475189	240489572	0
1	240489573	240612148	2
1	240612149	240775514	0
1	240775515	241357229	2
1	241357230	241497602	0
1	241497603	241519760	2
1	241519761	241532133	0
1	241532134	241593123	1
1	241593124	241595641	3
1	241595642	241640360	2
1	241640361	241652277	0
1	241652278	241802132	1
1	241802133	241847966	0
1	241847967	241889938	1
1	241889939	241957766	0
1	241957767	241959061	1
1	241959062	241995489	0
1	241995490	241999072	2
1	241999073	242082985	0
1	242082986	242524695	2
1	242524696	243124427	0
1	243124428	243255347	2
1	243255348	243256055	0
1	243256056	243488232	1
1	243488233	243500091	3
1	243500092	243851078	2
1	243851079	244048938	0
1	244048939	244057475	1
1	244057476	244352634	0
1	244352635	244389090	1
1	244389091	244408493	0
1	244408494	244452133	2
1	244452134	244461370	0
1	244461371	244640503	1
1	244640504	244652934	0
1	244652935	244709032	1
1	244709033	244729897	0
1	244729898	244730961	2
1	244730962	244835321	0
1	244835322	244845056	1
1	244845057	244850296	0
1	244850297	244864559	2
1	244864560	244969868	0
1	244969869	245127163	1
1	245127164	245154984	0
1	245154985	245709430	1
1	245709431	245749341	0
1	245749342	246507311	2
1	246507312	246540559	0
1	246540560	246566323	2
1	246566324	246566445	0
1	246566446	246668583	1
1	246668584	246724046	0
1	246724047	246768136	1
1	246768137	246839097	0
1	246839098	246931977	2
1	246931978	246945674	0
1	246945675	247008092	2
1	247008093	247036783	0
1	247036784	247078754	2
1	247078755	247099961	0
1	247099962	247104371	2
1	247104372	247121974	0
1	247121975	247172015	2
1	247172016	247297411	0
1	247297412	247331742	2
1	247331743	247416155	0
1	247416156	247449107	1
1	247449108	247449117	0
1	247449118	247458104	2
1	247458105	247507057	0
1	247507058	247524676	1
1	247524677	247536439	3
1	247536440	247577689	1
1	247577690	247588359	0
1	247588360	247589312	1
1	247589313	247605585	0
1	247605586	247606514	1
1	247606515	247670811	0
1	247670812	247679738	2
1	247679739	247711435	0
1	247711436	247724042	2
1	247724043	247738614	0
1	247738615	247739558	1
1	247739559	247754845	0
1	247754846	247760555	2
1	247760556	247814659	0
1	247814660	247824118	2
1	247824119	247840927	0
1	247840928	247841895	2
1	247841896	247857198	0
1	247857199	247878204	1
1	247878205	247895586	0
1	247895587	247896530	1
1	247896531	247920251	0
1	247920252	247921955	1
1	247921956	247924888	0
1	247924889	247935338	1
1	247935339	247948857	0
1	247948858	247949795	1
1	247949796	247965232	0
1	247965233	247966385	1
1	247966386	248013659	0
1	248013660	248024275	1
1	248024276	248030069	0
1	248030070	248042304	1
1	248042305	248046835	0
1	248046836	248063406	1
1	248063407	248095183	0
1	248095184	248101102	1
1	248101103	248145147	0
1	248145148	248146085	1
1	248146086	248174820	0
1	248174821	248181066	1
1	248181067	248197264	0
1	248197265	248212924	1
1	248212925	248231416	0
1	248231417	248244678	1
1	248244679	248269916	0
1	248269917	248277975	2
1	248277976	248290138	0
1	248290139	248303423	2
1	248303424	248323629	0
1	248323630	248324567	2
1	248324568	248348774	0
1	248348775	248349712	1
1	248349713	248361580	0
1	248361581	248362626	1
1	248362627	248375745	0
1	248375746	248391810	1
1	248391811	248403047	0
1	248403048	248408019	1
1	248408020	248445511	0
1	248445512	248455724	1
1	248455725	248473350	0
1	248473351	248474306	1
1	248474307	248488588	0
1	248488589	248491112	1
1	248491113	248508072	0
1	248508073	248527336	1
1	248527337	248556911	0
1	248556912	248562771	2
1	248562772	248573800	0
1	248573801	248574756	2
1	248574757	248590486	0
1	248590487	248597699	2
1	248597700	248623556	0
1	248623557	248635090	2
1	248635091	248636355	0
1	248636356	248645277	2
1	248645278	248649837	0
1	248649838	248655527	2
1	248655528	248681368	0
1	248681369	248682303	2
1	248682304	248739414	0
1	248739415	248755738	2
1	248755739	248810450	0
1	248810451	248826632	2
1	248826633	248838279	0
1	248838280	248849516	1
1	248849517	248850005	0
1	248850006	248859084	2
1	248859085	248906195	0
1	248906196	248919945	1
