<CHROM>	<START>	<END>	<TSB>
20	0	10218829	0
20	10218830	10307417	1
20	10307418	10401008	0
20	10401009	10434221	2
20	10434222	10435302	0
20	10435303	10628033	1
20	10628034	10637683	0
20	10637684	10673998	2
20	10673999	11890722	0
20	11890723	11926608	1
20	11926609	13008986	0
20	13008987	13169102	1
20	13169103	13221770	0
20	13221771	13300650	1
20	13300651	13389391	0
20	13389392	13638939	2
20	13638940	13714321	0
20	13714322	13784885	2
20	13784886	13784949	0
20	13784950	13821581	1
20	13821582	13849402	0
20	13849403	13995368	2
20	13995369	13996442	3
20	13996443	14322987	1
20	14322988	14337607	3
20	14337608	16053196	1
20	16053197	16272103	0
20	16272104	16573433	2
20	16573434	16729960	0
20	16729961	16742562	1
20	16742563	16748357	0
20	16748358	16752163	1
20	16752164	17226106	0
20	17226107	17484577	1
20	17484578	17493904	0
20	17493905	17558959	2
20	17558960	17569862	0
20	17569863	17609918	1
20	17609919	17613677	0
20	17613678	17682294	2
20	17682295	17693671	0
20	17693672	17735870	1
20	17735871	17941596	0
20	17941597	17968912	2
20	17968913	17968979	3
20	17968980	17991121	1
20	17991122	18024151	0
20	18024152	18057876	2
20	18057877	18137872	0
20	18137873	18188386	1
20	18188387	18288282	0
20	18288283	18316995	1
20	18316996	18383366	0
20	18383367	18467126	2
20	18467127	18467184	3
20	18467185	18484642	1
20	18484643	18486539	0
20	18486540	18497242	2
20	18497243	18507481	0
20	18507482	18561414	1
20	18561415	18567346	0
20	18567347	18763916	1
20	18763917	18813725	0
20	18813726	18814391	1
20	18814392	19212645	0
20	19212646	19722936	1
20	19722937	19886520	0
20	19886521	20002456	1
20	20002457	20017115	0
20	20017116	20033654	1
20	20033655	20034367	0
20	20034368	20052513	2
20	20052514	20056045	3
20	20056046	20360701	1
20	20360702	20368120	0
20	20368121	20370948	1
20	20370949	20389551	0
20	20389552	20712487	2
20	20712488	21125982	0
20	21125983	21246621	1
20	21246622	21303303	0
20	21303304	21389826	1
20	21389827	21395366	0
20	21395367	21398027	2
20	21398028	21511009	0
20	21511010	21514025	2
20	21514026	21705658	0
20	21705659	21718485	1
20	21718486	22581004	0
20	22581005	22585454	2
20	22585455	23035385	0
20	23035386	23036811	1
20	23036812	23045632	0
20	23045633	23049740	2
20	23049741	23079348	0
20	23079349	23086339	2
20	23086340	23350735	0
20	23350736	23354776	1
20	23354777	23362181	0
20	23362182	23373062	1
20	23373063	23374518	0
20	23374519	23421518	2
20	23421519	23439684	0
20	23439685	23444929	1
20	23444930	23450402	0
20	23450403	23452856	2
20	23452857	23491100	0
20	23491101	23496017	1
20	23496018	23564731	0
20	23564732	23568748	2
20	23568749	23602409	0
20	23602410	23605875	2
20	23605876	23626705	0
20	23626706	23638472	2
20	23638473	23685639	0
20	23685640	23689039	2
20	23689040	23747552	0
20	23747553	23751267	2
20	23751268	23823768	0
20	23823769	23826730	2
20	23826731	23875934	0
20	23875935	23879749	2
20	23879750	23985049	0
20	23985050	23988778	2
20	23988779	24469198	0
20	24469199	24666615	1
20	24666616	24949229	0
20	24949230	24959927	1
20	24959928	24962924	0
20	24962925	24992978	2
20	24992979	25006229	0
20	25006230	25058979	2
20	25058980	25070884	0
20	25070885	25082364	2
20	25082365	25195692	0
20	25195693	25226728	1
20	25226729	25248068	0
20	25248069	25294742	1
20	25294743	25298013	3
20	25298014	25390982	2
20	25390983	25407726	0
20	25407727	25448554	1
20	25448555	25452704	0
20	25452705	25585516	2
20	25585517	25612934	0
20	25612935	25624174	2
20	25624175	25674214	0
20	25674215	25696840	2
20	25696841	25774017	0
20	25774018	25863200	2
20	25863201	31257663	0
20	31257664	31259631	1
20	31259632	31303211	0
20	31303212	31308584	2
20	31308585	31368617	0
20	31368618	31373922	1
20	31373923	31377163	0
20	31377164	31390602	2
20	31390603	31404868	0
20	31404869	31406265	2
20	31406266	31440518	0
20	31440519	31450256	1
20	31450257	31465505	0
20	31465506	31473012	2
20	31473013	31475292	0
20	31475293	31484904	1
20	31484905	31514427	0
20	31514428	31577922	1
20	31577923	31605282	0
20	31605283	31606514	1
20	31606515	31637887	0
20	31637888	31645005	1
20	31645006	31664451	0
20	31664452	31723988	2
20	31723989	31739270	0
20	31739271	31801804	1
20	31801805	31819307	0
20	31819308	31834688	1
20	31834689	31844300	0
20	31844301	31845618	2
20	31845619	31847636	0
20	31847637	31870701	2
20	31870702	31870746	3
20	31870747	31944341	1
20	31944342	31944960	3
20	31944961	31944962	1
20	31944963	31952091	2
20	31952092	31968001	0
20	31968002	32003386	1
20	32003387	32010449	0
20	32010450	32032179	1
20	32032180	32052187	0
20	32052188	32101855	1
20	32101856	32109505	0
20	32109506	32167257	1
20	32167258	32192502	0
20	32192503	32207790	2
20	32207791	32207879	0
20	32207880	32238666	1
20	32238667	32277663	0
20	32277664	32335010	1
20	32335011	32358329	0
20	32358330	32439318	1
20	32439319	32443058	0
20	32443059	32584889	2
20	32584890	32631651	0
20	32631652	32743996	2
20	32743997	32762384	0
20	32762385	32809355	1
20	32809356	32819892	0
20	32819893	32850404	1
20	32850405	32858922	0
20	32858923	32961608	1
20	32961609	32983772	0
20	32983773	33004432	2
20	33004433	33007599	0
20	33007600	33023708	1
20	33023709	33031647	0
20	33031648	33044046	1
20	33044047	33055423	0
20	33055424	33073627	1
20	33073628	33081526	0
20	33081527	33111750	1
20	33111751	33161767	0
20	33161768	33181411	1
20	33181412	33217326	0
20	33217327	33227757	1
20	33227758	33235994	0
20	33235995	33243310	1
20	33243311	33273479	0
20	33273480	33309877	1
20	33309878	33358838	0
20	33358839	33401560	2
20	33401561	33407954	0
20	33407955	33443891	2
20	33443892	33490086	0
20	33490087	33650035	1
20	33650036	33657086	0
20	33657087	33662283	2
20	33662284	33663913	3
20	33663914	33666497	2
20	33666498	33668524	3
20	33668525	33674462	2
20	33674463	33675682	0
20	33675683	33686403	2
20	33686404	33702753	0
20	33702754	33720318	2
20	33720319	33731656	0
20	33731657	33792268	1
20	33792269	33811303	0
20	33811304	33854365	1
20	33854366	33993645	0
20	33993646	34084883	1
20	34084884	34088297	0
20	34088298	34112331	2
20	34112332	34194568	0
20	34194569	34269343	1
20	34269344	34280267	0
20	34280268	34311801	2
20	34311802	34363234	0
20	34363235	34511392	1
20	34511393	34516408	0
20	34516409	34540957	1
20	34540958	34546853	0
20	34546854	34560344	1
20	34560345	34560541	0
20	34560542	34677084	2
20	34677085	34697140	0
20	34697141	34704289	2
20	34704290	34713438	3
20	34713439	34825648	2
20	34825649	34844719	0
20	34844720	34872859	2
20	34872860	34874941	0
20	34874942	34927961	1
20	34927962	34928432	0
20	34928433	34956026	2
20	34956027	34975402	0
20	34975403	35002403	1
20	35002404	35002436	3
20	35002437	35092870	2
20	35092871	35115356	0
20	35115357	35147363	2
20	35147364	35172072	0
20	35172073	35216239	1
20	35216240	35226653	0
20	35226654	35276999	1
20	35277000	35277149	0
20	35277150	35278128	2
20	35278129	35278910	0
20	35278911	35284984	2
20	35284985	35285730	0
20	35285731	35292400	2
20	35292401	35302565	0
20	35302566	35412140	2
20	35412141	35433028	0
20	35433029	35433346	1
20	35433347	35435449	3
20	35435450	35454745	2
20	35454746	35455163	0
20	35455164	35519279	1
20	35519280	35523185	0
20	35523186	35529651	2
20	35529652	35542020	0
20	35542021	35557633	1
20	35557634	35615891	0
20	35615892	35621048	1
20	35621049	35626030	0
20	35626031	35664955	2
20	35664956	35668054	0
20	35668055	35699271	2
20	35699272	35699358	3
20	35699359	35700983	1
20	35700984	35703609	0
20	35703610	35742311	2
20	35742312	35771982	0
20	35771983	35950380	1
20	35950381	35953616	0
20	35953617	35954563	2
20	35954564	35954625	3
20	35954626	35954706	2
20	35954707	35955358	3
20	35955359	35959471	2
20	35959472	36030699	1
20	36030700	36091503	0
20	36091504	36232798	1
20	36232799	36236458	0
20	36236459	36270917	1
20	36270918	36306335	0
20	36306336	36528636	1
20	36528637	36541483	0
20	36541484	36551446	1
20	36551447	36573487	0
20	36573488	36612317	1
20	36612318	36612383	3
20	36612384	36612518	1
20	36612519	36612556	3
20	36612557	36646215	2
20	36646216	36651765	0
20	36651766	36746077	2
20	36746078	36751790	0
20	36751791	36773817	2
20	36773818	36777441	0
20	36777442	36863685	2
20	36863686	36876120	0
20	36876121	36889772	1
20	36889773	36889862	3
20	36889863	36890573	1
20	36890574	36894234	3
20	36894235	36951900	2
20	36951901	36996348	0
20	36996349	37095994	2
20	37095995	37101225	0
20	37101226	37178409	2
20	37178410	37179558	3
20	37179559	37179587	2
20	37179588	37241622	1
20	37241623	37251081	0
20	37251082	37261834	2
20	37261835	37289637	0
20	37289638	37317259	1
20	37317260	37346153	0
20	37346154	37406049	1
20	37406050	37517416	0
20	37517417	37521214	2
20	37521215	37523692	3
20	37523693	37527930	2
20	37527931	37693954	0
20	37693955	37872128	1
20	37872129	37903103	0
20	37903104	37945349	1
20	37945350	37983006	0
20	37983007	38033467	2
20	38033468	38033545	0
20	38033546	38127386	1
20	38127387	38127779	3
20	38127780	38166577	2
20	38166578	38210487	0
20	38210488	38260771	2
20	38260772	38304122	0
20	38304123	38337504	1
20	38337505	38346355	0
20	38346356	38377022	1
20	38377023	38472815	0
20	38472816	38578860	1
20	38578861	38581194	0
20	38581195	38588462	1
20	38588463	38601933	0
20	38601934	38651034	1
20	38651035	38724461	0
20	38724462	38729371	1
20	38729372	38748441	0
20	38748442	38772519	1
20	38772520	38805704	0
20	38805705	38923023	1
20	38923024	38926311	0
20	38926312	38953105	1
20	38953106	38962298	0
20	38962299	39039722	1
20	39039723	40685847	0
20	40685848	40689239	2
20	40689240	41028817	0
20	41028818	41124486	1
20	41124487	41136959	0
20	41136960	41177625	1
20	41177626	41178447	0
20	41178448	41317601	2
20	41317602	41340919	0
20	41340920	41359965	1
20	41359966	41360581	3
20	41360582	41366826	2
20	41366827	41402100	0
20	41402101	41618493	2
20	41618494	42072751	0
20	42072752	43189969	2
20	43189970	43457927	0
20	43457928	43464246	1
20	43464247	43507679	0
20	43507680	43550949	1
20	43550950	43558967	0
20	43558968	43585676	1
20	43585677	43590930	0
20	43590931	43647295	1
20	43647296	43667018	0
20	43667019	43716495	1
20	43716496	43726163	0
20	43726164	43726997	2
20	43726998	43914863	0
20	43914864	44069615	1
20	44069616	44111694	0
20	44111695	44187577	2
20	44187578	44196495	0
20	44196496	44210790	2
20	44210791	44247098	0
20	44247099	44280916	1
20	44280917	44302837	0
20	44302838	44311168	2
20	44311169	44336985	0
20	44336986	44351234	1
20	44351235	44355699	0
20	44355700	44434595	1
20	44434596	44475885	0
20	44475886	44494602	1
20	44494603	44496220	0
20	44496221	44522108	2
20	44522109	44531784	0
20	44531785	44619521	1
20	44619522	44624246	3
20	44624247	44651741	2
20	44651742	44714843	0
20	44714844	44727810	1
20	44727811	44745779	0
20	44745780	44751807	1
20	44751808	44752312	3
20	44752313	44810337	2
20	44810338	44885675	0
20	44885676	44908531	1
20	44908532	44910061	0
20	44910062	44942129	1
20	44942130	44959034	3
20	44959035	44960485	2
20	44960486	44966473	0
20	44966474	45079958	1
20	45079959	45092309	0
20	45092310	45101111	2
20	45101112	45109451	0
20	45109452	45115171	2
20	45115172	45123424	0
20	45123425	45124464	2
20	45124465	45174875	0
20	45174876	45176543	1
20	45176544	45206996	0
20	45206997	45209771	1
20	45209772	45221299	0
20	45221300	45224457	1
20	45224458	45252238	0
20	45252239	45254563	2
20	45254564	45293444	0
20	45293445	45306850	2
20	45306851	45308326	3
20	45308327	45308528	2
20	45308529	45317821	1
20	45317822	45325287	0
20	45325288	45348423	2
20	45348424	45361936	0
20	45361937	45372562	1
20	45372563	45376797	3
20	45376798	45378392	2
20	45378393	45406056	0
20	45406057	45410609	1
20	45410610	45416066	0
20	45416067	45448577	1
20	45448578	45469705	0
20	45469706	45481531	1
20	45481532	45512460	0
20	45512461	45515623	2
20	45515624	45534195	0
20	45534196	45547751	2
20	45547752	45551152	0
20	45551153	45579325	2
20	45579326	45607938	0
20	45607939	45629525	2
20	45629526	45631195	3
20	45631196	45631267	2
20	45631268	45648562	0
20	45648563	45670269	2
20	45670270	45684652	0
20	45684653	45702015	2
20	45702016	45705018	3
20	45705019	45708816	1
20	45708817	45722350	0
20	45722351	45725829	1
20	45725830	45774207	0
20	45774208	45791907	2
20	45791908	45791936	0
20	45791937	45811426	1
20	45811427	45812575	0
20	45812576	45816956	1
20	45816957	45823213	0
20	45823214	45833744	2
20	45833745	45833830	0
20	45833831	45841720	1
20	45841721	45841729	3
20	45841730	45841764	1
20	45841765	45842880	3
20	45842881	45857405	2
20	45857406	45857616	0
20	45857617	45879121	1
20	45879122	45881226	0
20	45881227	45885265	1
20	45885266	45886488	0
20	45886489	45887634	2
20	45887635	45888624	0
20	45888625	45891043	2
20	45891044	45891286	3
20	45891287	45898620	1
20	45898621	45898819	3
20	45898820	45912154	2
20	45912155	45934627	0
20	45934628	45948022	1
20	45948023	45948652	0
20	45948653	45972171	2
20	45972172	46008907	0
20	46008908	46016560	1
20	46016561	46021689	0
20	46021690	46060151	1
20	46060152	46060984	0
20	46060985	46089951	2
20	46089952	46118271	0
20	46118272	46129862	1
20	46129863	46173732	0
20	46173733	46308497	2
20	46308498	46345979	0
20	46345980	46364457	2
20	46364458	46366048	0
20	46366049	46406631	2
20	46406632	46499629	0
20	46499630	46513558	2
20	46513559	46540945	0
20	46540946	46550573	2
20	46550574	46557822	0
20	46557823	46689778	2
20	46689779	46709486	0
20	46709487	46736346	1
20	46736347	46894623	0
20	46894624	47188843	1
20	47188844	47209213	0
20	47209214	47356888	2
20	47356889	47501901	0
20	47501902	47656876	1
20	47656877	47656911	0
20	47656912	47786615	2
20	47786616	48624251	0
20	48624252	48827882	2
20	48827883	48921889	0
20	48921890	49036692	1
20	49036693	49046245	0
20	49046246	49096959	1
20	49096960	49113338	0
20	49113339	49188366	2
20	49188367	49219294	0
20	49219295	49237945	1
20	49237946	49244074	3
20	49244075	49244076	1
20	49244077	49278425	2
20	49278426	49298106	0
20	49298107	49484296	2
20	49484297	49503873	0
20	49503874	49568145	2
20	49568146	49632944	0
20	49632945	49713877	2
20	49713878	49812712	0
20	49812713	49892241	1
20	49892242	49903390	0
20	49903391	49915507	2
20	49915508	49936347	0
20	49936348	49953891	1
20	49953892	49982998	0
20	49982999	49988885	1
20	49988886	50081123	0
20	50081124	50153733	2
20	50153734	50190733	0
20	50190734	50192688	1
20	50192689	50510320	0
20	50510321	50585240	1
20	50585241	50586107	0
20	50586108	50691527	2
20	50691528	50731543	0
20	50731544	50756794	1
20	50756795	50794893	0
20	50794894	50882675	1
20	50882676	50888915	0
20	50888916	50931420	2
20	50931421	50934866	0
20	50934867	50958554	2
20	50958555	50958825	0
20	50958826	50963930	1
20	50963931	51003655	0
20	51003656	51023128	2
20	51023129	51386956	0
20	51386957	51562830	2
20	51562831	51596513	0
20	51596514	51768633	2
20	51768634	51782330	0
20	51782331	51802519	2
20	51802520	52051662	0
20	52051663	52191985	2
20	52191986	52972406	0
20	52972407	53495329	1
20	53495330	53567064	0
20	53567065	53608891	2
20	53608892	53936776	0
20	53936777	54070593	2
20	54070594	54153448	0
20	54153449	54173972	2
20	54173973	54207846	0
20	54207847	54219952	1
20	54219953	54475596	0
20	54475597	54651170	1
20	54651171	55997439	0
20	55997440	56005471	2
20	56005472	56248731	0
20	56248732	56249814	1
20	56249815	56358914	0
20	56358915	56368662	1
20	56368663	56369388	0
20	56369389	56392336	2
20	56392337	56392370	0
20	56392371	56406368	1
20	56406369	56412111	0
20	56412112	56460386	1
20	56460387	56468584	0
20	56468585	56491491	1
20	56491492	56497607	3
20	56497608	56519448	1
20	56519449	56524485	2
20	56524486	56525924	3
20	56525925	56526141	1
20	56526142	56533245	0
20	56533246	56536519	1
20	56536520	56629301	0
20	56629302	56639282	1
20	56639283	57168747	0
20	57168748	57266628	2
20	57266629	57329758	0
20	57329759	57343993	1
20	57343994	57351009	0
20	57351010	57358441	1
20	57358442	57359979	3
20	57359980	57379210	1
20	57379211	57391406	0
20	57391407	57409332	1
20	57409333	57495965	0
20	57495966	57525651	2
20	57525652	57561079	0
20	57561080	57568111	1
20	57568112	57603845	0
20	57603846	57620575	2
20	57620576	57648391	0
20	57648392	57711535	2
20	57711536	58150903	0
20	58150904	58161149	1
20	58161150	58218494	0
20	58218495	58228652	2
20	58228653	58309695	0
20	58309696	58367506	1
20	58367507	58389121	0
20	58389122	58451100	1
20	58451101	58459100	0
20	58459101	58515130	2
20	58515131	58651252	0
20	58651253	58679525	1
20	58679526	58689130	0
20	58689131	58715843	1
20	58715844	58839717	0
20	58839718	58911191	1
20	58911192	58981207	0
20	58981208	58995132	1
20	58995133	58995184	0
20	58995185	59007246	2
20	59007247	59019253	0
20	59019254	59025466	1
20	59025467	59026653	3
20	59026654	59032381	2
20	59032382	59033144	0
20	59033145	59042908	2
20	59042909	59123380	0
20	59123381	59259112	1
20	59259113	59300426	0
20	59300427	59325991	1
20	59325992	59577508	0
20	59577509	59847710	1
20	59847711	59863562	0
20	59863563	59933654	2
20	59933655	59933763	0
20	59933764	59936667	1
20	59936668	59940296	3
20	59940297	59948679	1
20	59948680	59958426	0
20	59958427	60034010	1
20	60034011	61252425	0
20	61252426	61940616	1
20	61940617	61953468	0
20	61953469	62065809	2
20	62065810	62122460	0
20	62122461	62135377	1
20	62135378	62136734	0
20	62136735	62143429	2
20	62143430	62143794	0
20	62143795	62182483	1
20	62182484	62183044	0
20	62183045	62202766	1
20	62202767	62214969	0
20	62214970	62220266	2
20	62220267	62234977	0
20	62234978	62296212	1
20	62296213	62302092	0
20	62302093	62308861	1
20	62308862	62309064	0
20	62309065	62367311	2
20	62367312	62387115	0
20	62387116	62388519	1
20	62388520	62388631	0
20	62388632	62407284	2
20	62407285	62410236	0
20	62410237	62427532	2
20	62427533	62463496	0
20	62463497	62475969	2
20	62475970	62642444	0
20	62642445	62672294	1
20	62672295	62708836	0
20	62708837	62762770	1
20	62762771	62796452	0
20	62796453	62801737	1
20	62801738	62804834	0
20	62804835	62813999	1
20	62814000	62817061	0
20	62817062	62841114	1
20	62841115	62841158	3
20	62841159	62861762	2
20	62861763	62877737	0
20	62877738	62937951	2
20	62937952	62938118	0
20	62938119	62948474	1
20	62948475	62952646	0
20	62952647	62969584	1
20	62969585	63005926	0
20	63005927	63007034	2
20	63007035	63195428	0
20	63195429	63216233	2
20	63216234	63235882	0
20	63235883	63240506	1
20	63240507	63240783	0
20	63240784	63272693	2
20	63272694	63272784	0
20	63272785	63289792	1
20	63289793	63293185	0
20	63293186	63334850	1
20	63334851	63343222	0
20	63343223	63361395	2
20	63361396	63400209	0
20	63400210	63472676	2
20	63472677	63488011	0
20	63488012	63499321	2
20	63499322	63520723	0
20	63520724	63522205	1
20	63522206	63528000	0
20	63528001	63537369	2
20	63537370	63540809	0
20	63540810	63547503	2
20	63547504	63547890	0
20	63547891	63556707	1
20	63556708	63558085	0
20	63558086	63572454	2
20	63572455	63587601	0
20	63587602	63627040	2
20	63627041	63639704	0
20	63639705	63657681	2
20	63657682	63657809	0
20	63657810	63696252	1
20	63696253	63696650	0
20	63696651	63698641	1
20	63698642	63698683	3
20	63698684	63707464	2
20	63707465	63707657	3
20	63707658	63708024	2
20	63708025	63743504	1
20	63743505	63743665	0
20	63743666	63831243	2
20	63831244	63861497	0
20	63861498	63862987	1
20	63862988	63865227	0
20	63865228	63891544	1
20	63891545	63895181	0
20	63895182	63936030	1
20	63936031	63939828	0
20	63939829	63956414	2
20	63956415	63956701	0
20	63956702	63969864	2
20	63969865	63974112	0
20	63974113	63979641	2
20	63979642	63981134	0
20	63981135	64033099	1
20	64033100	64036174	0
20	64036175	64039961	1
20	64039962	64047581	0
20	64047582	64049640	2
20	64049641	64057292	0
20	64057293	64072345	1
20	64072346	64073180	0
20	64073181	64079987	2
20	64079988	64080172	0
20	64080173	64083379	1
20	64083380	64084358	3
20	64084359	64100642	1
20	64100643	64102393	0
20	64102394	64105819	1
20	64105820	64107170	3
20	64107171	64242252	1
20	64242253	64255694	0
20	64255695	64287820	1
