<CHROM>	<START>	<END>	<TSB>
11	0	167783	0
11	167784	193079	2
11	193080	194572	3
11	194573	196737	2
11	196738	200257	3
11	200258	207427	2
11	207428	207510	0
11	207511	215112	1
11	215113	215457	0
11	215458	236545	2
11	236546	236833	3
11	236834	236858	2
11	236859	252980	1
11	252981	278364	0
11	278365	285358	1
11	285359	289137	0
11	289138	296106	1
11	296107	298199	0
11	298200	299525	2
11	299526	307630	0
11	307631	315271	1
11	315272	319668	0
11	319669	327536	2
11	327537	369803	0
11	369804	382115	1
11	382116	392613	0
11	392614	404907	1
11	404908	405715	0
11	405716	417396	2
11	417397	418262	0
11	418263	442010	2
11	442011	450279	0
11	450280	491386	1
11	491387	494511	0
11	494512	507299	2
11	507300	532241	0
11	532242	535549	2
11	535550	537526	0
11	537527	554863	1
11	554864	554915	3
11	554916	560403	2
11	560404	560778	3
11	560779	564020	1
11	564021	576485	0
11	576486	612221	1
11	612222	612552	0
11	612553	615998	2
11	615999	616564	0
11	616565	626077	2
11	626078	626430	0
11	626431	627142	2
11	627143	637292	0
11	637293	640705	1
11	640706	644232	0
11	644233	694437	2
11	694438	695161	3
11	695162	695427	2
11	695428	695531	3
11	695532	727726	1
11	727727	747328	0
11	747329	765023	1
11	765024	767219	0
11	767220	777486	2
11	777487	777581	0
11	777582	784179	1
11	784180	787103	0
11	787104	790122	2
11	790123	790474	0
11	790475	798315	2
11	798316	799183	0
11	799184	805244	2
11	805245	809646	0
11	809647	812874	1
11	812875	818901	0
11	818902	825572	1
11	825573	826143	0
11	826144	831990	1
11	831991	832842	0
11	832843	838833	1
11	838834	839720	0
11	839721	842544	2
11	842545	842807	0
11	842808	867115	1
11	867116	867356	0
11	867357	915057	2
11	915058	925871	0
11	925872	1012238	1
11	1012239	1012820	0
11	1012821	1036705	2
11	1036706	1074874	0
11	1074875	1104418	1
11	1104419	1151579	0
11	1151580	1162360	1
11	1162361	1244295	0
11	1244296	1283405	1
11	1283406	1295600	0
11	1295601	1295808	2
11	1295809	1296032	3
11	1296033	1330883	2
11	1330884	1411128	0
11	1411129	1483918	1
11	1483919	1491191	0
11	1491192	1507975	2
11	1507976	1575273	0
11	1575274	1593149	2
11	1593150	1605571	0
11	1605572	1606512	2
11	1606513	1618408	0
11	1618409	1619523	2
11	1619524	1628794	0
11	1628795	1629692	2
11	1629693	1642187	0
11	1642188	1643367	2
11	1643368	1651032	0
11	1651033	1652159	1
11	1652160	1718424	0
11	1718425	1718984	1
11	1718985	1753639	0
11	1753640	1785221	2
11	1785222	1848708	0
11	1848709	1858750	1
11	1858751	1860218	0
11	1860219	1862909	1
11	1862910	1874199	0
11	1874200	1910374	1
11	1910375	1912083	3
11	1912084	1913492	1
11	1913493	1940791	0
11	1940792	1959935	1
11	1959936	1968507	0
11	1968508	2005751	1
11	2005752	2150341	0
11	2150342	2182570	2
11	2182571	2185158	0
11	2185159	2193106	2
11	2193107	2289724	0
11	2289725	2292181	2
11	2292182	2316874	0
11	2316875	2323242	2
11	2323243	2323289	3
11	2323290	2339371	1
11	2339372	2397406	0
11	2397407	2418648	1
11	2418649	2421717	0
11	2421718	2425105	1
11	2425106	2425744	0
11	2425745	2444274	2
11	2444275	2465913	0
11	2465914	2870338	1
11	2870339	2904442	0
11	2904443	2907110	2
11	2907111	2909009	0
11	2909010	2920950	2
11	2920951	2924969	3
11	2924970	2946475	1
11	2946476	2949502	0
11	2949503	2950684	2
11	2950685	2965666	0
11	2965667	3011092	2
11	3011093	3012562	3
11	3012563	3013606	2
11	3013607	3022151	0
11	3022152	3078842	2
11	3078843	3108345	0
11	3108346	3186999	2
11	3187000	3239173	0
11	3239174	3240042	2
11	3240043	3248927	0
11	3248928	3253615	2
11	3253616	3360490	0
11	3360491	3400447	2
11	3400448	3659732	0
11	3659733	3663545	2
11	3663546	3666360	0
11	3666361	3685645	1
11	3685646	3686816	0
11	3686817	3819021	2
11	3819022	3819048	0
11	3819049	3847600	1
11	3847601	3848207	0
11	3848208	3862212	2
11	3862213	3875756	0
11	3875757	4114438	1
11	4114439	4116038	0
11	4116039	4160105	1
11	4160106	4388492	0
11	4388493	4389615	2
11	4389616	4406126	0
11	4406127	4414925	2
11	4414926	4470524	0
11	4470525	4471590	1
11	4471591	4510108	0
11	4510109	4511137	1
11	4511138	4566420	0
11	4566421	4567373	1
11	4567374	4592652	0
11	4592653	4599049	2
11	4599050	4608020	0
11	4608021	4609134	1
11	4609135	4615036	0
11	4615037	4616242	1
11	4616243	4619901	0
11	4619902	4629488	2
11	4629489	4660944	0
11	4660945	4662067	1
11	4662068	4664649	0
11	4664650	4676717	1
11	4676718	4701400	0
11	4701401	4719083	2
11	4719084	4788499	0
11	4788500	4790208	1
11	4790209	4791146	3
11	4791147	4824662	1
11	4824663	4825609	3
11	4825610	4869426	1
11	4869427	4870513	3
11	4870514	4880885	1
11	4880886	4881793	3
11	4881794	4935899	1
11	4935900	4936921	3
11	4936922	4944530	1
11	4944531	4945636	3
11	4945637	4967354	1
11	4967355	4968355	3
11	4968356	4976001	1
11	4976002	4976942	3
11	4976943	5013658	1
11	5013659	5020212	0
11	5020213	5021159	1
11	5021160	5067755	0
11	5067756	5068690	1
11	5068691	5079879	0
11	5079880	5080856	2
11	5080857	5152921	0
11	5152922	5153871	2
11	5153872	5172238	0
11	5172239	5207611	2
11	5207612	5220964	0
11	5220965	5221929	2
11	5221930	5246693	0
11	5246694	5250624	2
11	5250625	5253907	0
11	5253908	5256599	2
11	5256600	5269312	0
11	5269313	5271121	2
11	5271122	5274419	0
11	5274420	5372737	2
11	5372738	5373675	3
11	5373676	5410606	2
11	5410607	5411663	3
11	5411664	5423826	2
11	5423827	5424776	3
11	5424777	5443340	2
11	5443341	5444435	3
11	5444436	5474637	2
11	5474638	5475706	3
11	5475707	5509914	2
11	5509915	5510978	3
11	5510979	5602106	2
11	5602107	5603113	3
11	5603114	5617338	2
11	5617339	5634181	3
11	5634182	5640993	2
11	5640994	5665627	3
11	5665628	5667018	2
11	5667019	5684424	0
11	5684425	5710918	2
11	5710919	5732092	3
11	5732093	5757680	2
11	5757681	5758767	3
11	5758768	5775922	2
11	5775923	5776958	3
11	5776959	5841543	2
11	5841544	5842577	3
11	5842578	5905500	2
11	5905501	5906526	3
11	5906527	5959848	2
11	5959849	5968569	0
11	5968570	5969590	1
11	5969591	6007121	0
11	6007122	6008214	2
11	6008215	6023215	0
11	6023216	6024423	2
11	6024424	6047900	0
11	6047901	6048970	2
11	6048971	6128913	0
11	6128914	6130064	1
11	6130065	6149839	0
11	6149840	6150705	1
11	6150706	6173005	0
11	6173006	6173817	2
11	6173818	6190559	0
11	6190560	6191637	2
11	6191638	6220375	0
11	6220376	6221488	1
11	6221489	6226795	0
11	6226796	6232361	1
11	6232362	6232564	0
11	6232565	6255940	2
11	6255941	6255994	0
11	6255995	6265658	1
11	6265659	6280965	0
11	6280966	6293356	1
11	6293357	6340175	0
11	6340176	6341876	2
11	6341877	6411654	0
11	6411655	6416227	1
11	6416228	6416354	0
11	6416355	6440643	2
11	6440644	6452278	0
11	6452279	6462293	2
11	6462294	6469843	0
11	6469844	6495688	2
11	6495689	6496909	0
11	6496910	6502665	2
11	6502666	6502676	0
11	6502677	6505908	1
11	6505909	6518525	0
11	6518526	6593251	1
11	6593252	6616304	0
11	6616305	6624849	2
11	6624850	6624960	0
11	6624961	6632072	1
11	6632073	6632100	3
11	6632101	6632101	1
11	6632102	6633897	2
11	6633898	6633999	0
11	6634000	6640691	2
11	6640692	6642555	0
11	6642556	6677084	2
11	6677085	6702012	0
11	6702013	6704631	2
11	6704632	6789217	0
11	6789218	6790285	2
11	6790286	6806247	0
11	6806248	6807244	1
11	6807245	6815755	0
11	6815756	6817127	2
11	6817128	6866882	0
11	6866883	6867935	1
11	6867936	6890923	0
11	6890924	6891975	1
11	6891976	6897855	0
11	6897856	6898849	1
11	6898850	6912720	0
11	6912721	6913829	2
11	6913830	6942204	0
11	6942205	6943263	1
11	6943264	6947653	0
11	6947654	7005862	1
11	7005863	7020548	0
11	7020549	7041598	2
11	7041599	7041676	0
11	7041677	7092538	1
11	7092539	7110164	0
11	7110165	7112378	1
11	7112379	7260098	0
11	7260099	7490272	1
11	7490273	7506618	0
11	7506619	7532607	1
11	7532608	7534528	0
11	7534529	7674990	1
11	7674991	7686330	0
11	7686331	7698452	2
11	7698453	7712443	0
11	7712444	7727940	2
11	7727941	7817451	0
11	7817452	7818519	2
11	7818520	7846583	0
11	7846584	7847518	2
11	7847519	7949179	0
11	7949180	7950208	2
11	7950209	7960080	0
11	7960081	7961140	2
11	7961141	7980970	0
11	7980971	7986972	2
11	7986973	7991797	0
11	7991798	8023408	1
11	8023409	8040790	0
11	8040791	8127596	1
11	8127597	8127658	3
11	8127659	8190601	2
11	8190602	8245850	0
11	8245851	8290262	2
11	8290263	8413417	0
11	8413418	8615835	2
11	8615836	8633583	0
11	8633584	8693412	2
11	8693413	8703957	0
11	8703958	8711418	1
11	8711419	8714897	0
11	8714898	8932497	2
11	8932498	8932685	0
11	8932686	8941622	1
11	8941623	8941630	3
11	8941631	8954535	2
11	8954536	8959118	0
11	8959119	8964579	2
11	8964580	8968840	0
11	8968841	8986557	2
11	8986558	9002122	0
11	9002123	9025595	2
11	9025596	9041070	0
11	9041071	9113149	2
11	9113150	9160371	0
11	9160372	9286936	2
11	9286937	9302217	0
11	9302218	9336326	2
11	9336327	9406168	0
11	9406169	9469672	1
11	9469673	9481746	0
11	9481747	9481865	2
11	9481866	9482009	3
11	9482010	9550070	1
11	9550071	9595227	0
11	9595228	9615003	1
11	9615004	9685623	0
11	9685624	9774537	1
11	9774538	9800213	0
11	9800214	10315753	2
11	10315754	10326226	0
11	10326227	10328943	1
11	10328944	10339217	0
11	10339218	10529125	1
11	10529126	10529433	0
11	10529434	10530722	2
11	10530723	10533224	0
11	10533225	10562763	2
11	10562764	10578512	0
11	10578513	10590237	2
11	10590238	10594637	0
11	10594638	10715534	2
11	10715535	10772533	0
11	10772534	10801289	1
11	10801290	10818596	0
11	10818597	10830656	2
11	10830657	10874250	0
11	10874251	10880342	2
11	10880343	11292422	0
11	11292423	11643551	2
11	11643552	11747059	0
11	11747060	11747256	2
11	11747257	11862969	0
11	11862970	11980869	1
11	11980870	11984652	0
11	11984653	12031315	2
11	12031316	12115542	0
11	12115543	12285331	1
11	12285332	12302491	0
11	12302492	12380690	1
11	12380691	12398731	0
11	12398732	12552347	1
11	12552348	12695968	0
11	12695969	12966297	1
11	12966298	13298198	0
11	13298199	13408812	1
11	13408813	13409547	0
11	13409548	13484843	2
11	13484844	13513601	0
11	13513602	13517727	2
11	13517728	13690216	0
11	13690217	13753892	1
11	13753893	14299471	0
11	14299472	14386051	2
11	14386052	14479051	0
11	14479052	14665162	2
11	14665163	14665268	0
11	14665269	14892349	1
11	14892350	14899583	0
11	14899584	14913797	2
11	14913798	14926542	0
11	14926543	14988213	1
11	14988214	14992746	3
11	14992747	15103887	1
11	15103888	15133969	0
11	15133970	15268753	1
11	15268754	15987994	0
11	15987995	16497934	2
11	16497935	16759947	0
11	16759948	16777769	1
11	16777770	16799841	0
11	16799842	17035989	2
11	17035990	17095935	0
11	17095936	17099333	2
11	17099334	17108118	0
11	17108119	17229529	2
11	17229530	17229699	0
11	17229700	17353757	1
11	17353758	17373272	0
11	17373273	17398887	1
11	17398888	17407405	0
11	17407406	17410877	2
11	17410878	17414431	0
11	17414432	17498448	2
11	17498449	17515441	0
11	17515442	17565962	2
11	17565963	17568919	0
11	17568920	17668696	1
11	17668697	17741114	0
11	17741115	17743677	1
11	17743678	17756358	0
11	17756359	17804218	1
11	17804219	17809594	0
11	17809595	18034708	2
11	18034709	18039110	0
11	18039111	18063972	2
11	18063973	18101838	0
11	18101839	18127637	2
11	18127638	18142501	0
11	18142502	18160026	1
11	18160027	18161732	0
11	18161733	18194383	2
11	18194384	18195826	3
11	18195827	18211041	2
11	18211042	18230684	0
11	18230685	18236108	1
11	18236109	18252895	0
11	18252896	18258439	2
11	18258440	18260769	0
11	18260770	18270189	2
11	18270190	18287720	0
11	18287721	18291523	1
11	18291524	18300222	0
11	18300223	18343744	2
11	18343745	18343841	0
11	18343842	18388590	1
11	18388591	18415934	0
11	18415935	18429971	1
11	18429972	18433853	0
11	18433854	18473604	1
11	18473605	18477370	0
11	18477371	18489882	1
11	18489883	18500869	3
11	18500870	18501146	1
11	18501147	18548778	2
11	18548779	18551155	0
11	18551156	18610292	2
11	18610293	18627947	0
11	18627948	18656039	2
11	18656040	18720337	0
11	18720338	18725851	1
11	18725852	18726331	3
11	18726332	18747726	2
11	18747727	18749474	0
11	18749475	18814267	2
11	18814268	18955359	0
11	18955360	18956555	2
11	18956556	19076001	0
11	19076002	19082227	2
11	19082228	19138675	0
11	19138676	19197961	1
11	19197962	19203577	0
11	19203578	19232119	2
11	19232120	19245609	0
11	19245610	19263166	2
11	19263167	19372270	0
11	19372271	20143143	1
11	20143144	20177700	0
11	20177701	20182158	2
11	20182159	20385230	0
11	20385231	20405328	1
11	20405329	20409075	0
11	20409076	20530798	1
11	20530799	20620945	0
11	20620946	20680830	1
11	20680831	20691116	0
11	20691117	21597226	1
11	21597227	22214721	0
11	22214722	22304902	1
11	22304903	22359642	0
11	22359643	22401048	1
11	22401049	22644078	0
11	22644079	22646859	2
11	22646860	22647368	3
11	22647369	22647386	2
11	22647387	22834600	1
11	22834601	22840474	0
11	22840475	22851410	2
11	22851411	22868476	0
11	22868477	22881971	2
11	22881972	24518723	0
11	24518724	25104149	1
11	25104150	26210828	0
11	26210829	26580579	1
11	26580580	26588774	3
11	26588775	26684834	1
11	26684835	26688565	0
11	26688566	26744907	2
11	26744908	27015627	0
11	27015628	27018629	1
11	27018630	27062271	0
11	27062272	27149355	1
11	27149356	27360060	0
11	27360061	27385414	2
11	27385415	27387507	0
11	27387508	27494321	2
11	27494322	27516122	0
11	27516123	27528319	2
11	27528320	27676439	0
11	27676440	27743604	2
11	27743605	28042166	0
11	28042167	28129794	2
11	28129795	28129854	3
11	28129855	28355053	1
11	28355054	30031287	0
11	30031288	30038569	2
11	30038570	30252562	0
11	30252563	30256807	1
11	30256808	30344597	0
11	30344598	30359773	1
11	30359774	30406039	0
11	30406040	30608418	2
11	30608419	30900130	0
11	30900131	31391320	2
11	31391321	31391386	0
11	31391387	31453395	1
11	31453396	31453947	0
11	31453948	31531191	2
11	31531192	31531296	0
11	31531297	31805545	1
11	31805546	31806339	0
11	31806340	31833938	2
11	31833939	31839508	3
11	31839509	32127300	1
11	32127301	32409320	0
11	32409321	32457175	2
11	32457176	32605370	0
11	32605371	32623791	1
11	32623792	32627807	3
11	32627808	32816186	2
11	32816187	32851488	0
11	32851489	32879668	1
11	32879669	32914723	0
11	32914724	33014861	1
11	33014862	33037409	0
11	33037410	33055127	1
11	33055128	33060962	0
11	33060963	33106129	1
11	33106130	33127487	3
11	33127488	33127488	1
11	33127489	33183916	2
11	33183917	33278217	0
11	33278218	33378568	1
11	33378569	33563617	0
11	33563618	33695647	1
11	33695648	33719806	0
11	33719807	33757990	2
11	33757991	33762484	0
11	33762485	33796088	2
11	33796089	33880121	0
11	33880122	33902188	2
11	33902189	33903337	3
11	33903338	33913835	2
11	33913836	34073229	0
11	34073230	34122702	1
11	34122703	34127148	0
11	34127149	34168456	1
11	34168457	34172534	0
11	34172535	34379554	2
11	34379555	34460471	0
11	34460472	34493608	1
11	34493609	34500339	0
11	34500340	34535351	2
11	34535352	34642657	0
11	34642658	34682603	1
11	34682604	34896735	0
11	34896736	34937375	2
11	34937376	34937882	3
11	34937883	34938045	2
11	34938046	35017668	1
11	35017669	35150090	0
11	35150091	35150214	2
11	35150215	35160416	0
11	35160417	35253948	1
11	35253949	35272752	0
11	35272753	35441609	2
11	35441610	35453369	0
11	35453370	35551847	2
11	35551848	35639734	0
11	35639735	35642418	1
11	35642419	35684352	0
11	35684353	35829774	1
11	35829775	35965530	0
11	35965531	36253685	1
11	36253686	36295050	0
11	36295051	36310998	2
11	36310999	36317837	0
11	36317838	36486753	1
11	36486754	36508576	0
11	36508577	36531821	2
11	36531822	36589574	0
11	36589575	36601305	1
11	36601306	36613492	0
11	36613493	36616050	2
11	36616051	36619785	3
11	36619786	36694822	1
11	36694823	40135752	0
11	40135753	41481322	2
11	41481323	43333512	0
11	43333513	43366078	1
11	43366079	43380481	0
11	43380482	43516482	1
11	43516483	43702258	0
11	43702259	43878159	1
11	43878160	43902388	0
11	43902389	43941815	1
11	43941816	43946891	0
11	43946892	43965887	1
11	43965888	44069530	0
11	44069531	44081526	1
11	44081527	44087728	0
11	44087729	44105763	1
11	44105764	44117098	0
11	44117099	44266978	1
11	44266979	44281993	0
11	44281994	44331715	2
11	44331716	44585976	0
11	44585977	44641912	1
11	44641913	44748014	0
11	44748015	44953898	1
11	44953899	44953971	3
11	44953972	44972607	2
11	44972608	45115563	0
11	45115564	45246902	1
11	45246903	45261851	0
11	45261852	45307869	2
11	45307870	45670426	0
11	45670427	45687171	2
11	45687172	45792982	0
11	45792983	45793908	1
11	45793909	45825622	0
11	45825623	45834565	1
11	45834566	45868668	0
11	45868669	45904797	1
11	45904798	45907201	0
11	45907202	45928015	1
11	45928016	45928084	0
11	45928085	45928832	2
11	45928833	45931219	0
11	45931220	45940362	2
11	45940363	45943171	0
11	45943172	45950646	1
11	45950647	45950870	0
11	45950871	46142984	2
11	46142985	46299211	0
11	46299212	46342971	1
11	46342972	46354454	0
11	46354455	46402103	1
11	46402104	46402305	0
11	46402306	46405374	1
11	46405375	46406639	0
11	46406640	46408106	2
11	46408107	46417963	0
11	46417964	46615674	2
11	46615675	46624410	0
11	46624411	46638825	2
11	46638826	46639458	3
11	46639459	46696367	1
11	46696368	46698629	0
11	46698630	46722148	2
11	46722149	46722367	0
11	46722368	46727461	1
11	46727462	46740729	0
11	46740730	46761055	1
11	46761056	46764597	0
11	46764598	46867842	2
11	46867843	46878418	0
11	46878419	46940192	2
11	46940193	46958247	0
11	46958248	47185847	1
11	47185848	47185935	3
11	47185936	47198632	2
11	47198633	47199075	0
11	47199076	47207993	2
11	47207994	47236492	0
11	47236493	47260766	1
11	47260767	47260852	0
11	47260853	47270456	2
11	47270457	47270466	0
11	47270467	47290395	1
11	47290396	47290711	0
11	47290712	47351581	1
11	47351582	47352956	0
11	47352957	47374252	2
11	47374253	47376410	0
11	47376411	47400126	2
11	47400127	47428682	0
11	47428683	47438046	1
11	47438047	47440319	0
11	47440320	47447992	2
11	47447993	47459307	0
11	47459308	47470729	2
11	47470730	47487495	0
11	47487496	47586981	2
11	47586982	47587071	3
11	47587072	47587120	2
11	47587121	47593748	1
11	47593749	47593911	3
11	47593912	47599276	2
11	47599277	47599822	3
11	47599823	47600561	2
11	47600562	47600566	3
11	47600567	47606113	1
11	47606114	47608197	0
11	47608198	47610745	1
11	47610746	47611215	0
11	47611216	47616210	2
11	47616211	47638867	0
11	47638868	47664174	2
11	47664175	47681142	0
11	47681143	47736940	2
11	47736941	47738071	0
11	47738072	47788992	2
11	47788993	47799638	0
11	47799639	47870106	2
11	47870107	48002112	0
11	48002113	48189669	1
11	48189670	48238343	0
11	48238344	48239313	1
11	48239314	48266607	0
11	48266608	48267621	1
11	48267622	48285412	0
11	48285413	48286329	1
11	48286330	48327774	0
11	48327775	48328703	1
11	48328704	48346471	0
11	48346472	48347506	1
11	48347507	48387036	0
11	48387037	48388016	2
11	48388017	48510268	0
11	48510269	48511331	1
11	48511332	49050503	0
11	49050504	49059578	1
11	49059579	49075265	0
11	49075266	49080663	2
11	49080664	49168186	0
11	49168187	49230221	2
11	49230222	49973942	0
11	49973943	49974970	1
11	49974971	50003008	0
11	50003009	50004070	2
11	50004071	51411377	0
11	51411378	51412447	2
11	51412448	51515281	0
11	51515282	51516210	1
11	51516211	55029657	0
11	55029658	55038594	1
11	55038595	55110626	0
11	55110627	55111706	1
11	55111707	55135359	0
11	55135360	55136393	1
11	55136394	55321782	0
11	55321783	55322894	1
11	55322895	55339603	0
11	55339604	55340535	1
11	55340536	55370829	0
11	55370830	55371873	2
11	55371874	55405833	0
11	55405834	55406771	1
11	55406772	55418379	0
11	55418380	55419314	1
11	55419315	55432613	0
11	55432614	55433670	1
11	55433671	55540913	0
11	55540914	55541857	1
11	55541858	55563031	0
11	55563032	55563975	1
11	55563976	55578853	0
11	55578854	55579951	1
11	55579952	55587085	0
11	55587086	55588072	1
11	55588073	55594694	0
11	55594695	55595629	1
11	55595630	55606227	0
11	55606228	55607213	1
11	55607214	55650772	0
11	55650773	55659285	1
11	55659286	55681125	0
11	55681126	55682057	2
11	55682058	55702931	0
11	55702932	55703875	2
11	55703876	55734974	0
11	55734975	55735989	2
11	55735990	55761156	0
11	55761157	55762100	2
11	55762101	55797894	0
11	55797895	55798868	1
11	55798869	55860752	0
11	55860753	55861761	1
11	55861762	55872518	0
11	55872519	55873456	1
11	55873457	55889848	0
11	55889849	55890786	1
11	55890787	55904246	0
11	55904247	55905193	2
11	55905194	55926869	0
11	55926870	55927792	2
11	55927793	55944093	0
11	55944094	55945031	1
11	55945032	55999489	0
11	55999490	56000736	2
11	56000737	56019675	0
11	56019676	56020697	1
11	56020698	56043028	0
11	56043029	56044145	1
11	56044146	56057528	0
11	56057529	56058565	2
11	56058566	56085782	0
11	56085783	56086720	1
11	56086721	56113420	0
11	56113421	56114506	1
11	56114507	56127690	0
11	56127691	56128763	1
11	56128764	56143099	0
11	56143100	56144028	1
11	56144029	56184733	0
11	56184734	56185707	2
11	56185708	56229944	0
11	56229945	56230876	2
11	56230877	56236963	0
11	56236964	56238013	2
11	56238014	56257824	0
11	56257825	56258870	2
11	56258871	56309745	0
11	56309746	56310756	2
11	56310757	56344211	0
11	56344212	56345262	2
11	56345263	56380030	0
11	56380031	56380977	2
11	56380978	56408941	0
11	56408942	56409946	2
11	56409947	56431137	0
11	56431138	56432162	1
11	56432163	56467863	0
11	56467864	56468780	1
11	56468781	56510302	0
11	56510303	56511286	2
11	56511287	56756346	0
11	56756347	56757341	1
11	56757342	56949220	0
11	56949221	56959190	1
11	56959191	57001066	0
11	57001067	57004674	2
11	57004675	57067115	0
11	57067116	57092400	2
11	57092401	57093458	0
11	57093459	57103350	2
11	57103351	57105990	0
11	57105991	57138072	1
11	57138073	57144241	0
11	57144242	57148622	2
11	57148623	57154266	0
11	57154267	57195052	2
11	57195053	57228021	0
11	57228022	57245006	1
11	57245007	57252006	0
11	57252007	57283258	2
11	57283259	57295935	0
11	57295936	57298275	2
11	57298276	57308978	0
11	57308979	57318107	1
11	57318108	57319128	0
11	57319129	57335756	2
11	57335757	57364859	0
11	57364860	57382325	1
11	57382326	57412560	0
11	57412561	57416464	2
11	57416465	57417416	3
11	57417417	57429339	1
11	57429340	57435218	0
11	57435219	57468658	1
11	57468659	57471185	0
11	57471186	57479680	2
11	57479681	57480074	0
11	57480075	57508444	1
11	57508445	57508824	0
11	57508825	57510509	1
11	57510510	57510985	0
11	57510986	57519252	2
11	57519253	57520714	0
11	57520715	57587017	1
11	57587018	57791352	0
11	57791353	57885971	1
11	57885972	57886915	3
11	57886916	57949087	1
11	57949088	57957905	0
11	57957906	57958989	1
11	57958990	57970673	0
11	57970674	57971652	2
11	57971653	57982216	0
11	57982217	57983194	1
11	57983195	57995353	0
11	57995354	57996389	2
11	57996390	58034263	0
11	58034264	58035731	2
11	58035732	58125596	0
11	58125597	58126541	2
11	58126542	58169936	0
11	58169937	58170881	2
11	58170882	58189737	0
11	58189738	58190785	2
11	58190786	58206592	0
11	58206593	58207645	2
11	58207646	58274647	0
11	58274648	58275577	2
11	58275578	58294343	0
11	58294344	58345692	2
11	58345693	58346583	0
11	58346584	58378588	1
11	58378589	58378758	3
11	58378759	58388514	1
11	58388515	58390145	0
11	58390146	58393197	1
11	58393198	58407898	0
11	58407899	58499446	2
11	58499447	58601541	0
11	58601542	58612256	2
11	58612257	58672896	0
11	58672897	58676070	1
11	58676071	58695101	0
11	58695102	58724515	1
11	58724516	58874657	0
11	58874658	58894882	1
11	58894883	58910220	0
11	58910221	58922511	1
11	58922512	58938902	0
11	58938903	58975982	1
11	58975983	58976059	3
11	58976060	58980423	2
11	58980424	59131884	0
11	59131885	59132920	1
11	59132921	59189415	0
11	59189416	59190448	2
11	59190449	59210616	0
11	59210617	59211666	1
11	59211667	59224410	0
11	59224411	59225463	1
11	59225464	59244845	0
11	59244846	59245868	1
11	59245869	59271048	0
11	59271049	59271983	1
11	59271984	59282385	0
11	59282386	59283329	1
11	59283330	59341870	0
11	59341871	59383616	2
11	59383617	59404188	0
11	59404189	59436452	2
11	59436453	59480295	0
11	59480296	59480928	2
11	59480929	59481336	3
11	59481337	59573353	1
11	59573354	59573607	0
11	59573608	59578344	2
11	59578345	59596740	0
11	59596741	59612973	2
11	59612974	59620272	0
11	59620273	59634047	2
11	59634048	59705927	0
11	59705928	59712806	1
11	59712807	59807747	0
11	59807748	59815516	1
11	59815517	59824059	0
11	59824060	59838600	1
11	59838601	59855733	0
11	59855734	59863443	1
11	59863444	59939080	0
11	59939081	59952138	2
11	59952139	59968725	0
11	59968726	60010560	2
11	60010561	60048013	0
11	60048014	60076444	1
11	60076445	60102303	0
11	60102304	60108440	1
11	60108441	60145954	0
11	60145955	60185160	1
11	60185161	60197061	0
11	60197062	60215264	1
11	60215265	60223224	0
11	60223225	60238232	1
11	60238233	60260250	0
11	60260251	60274902	1
11	60274903	60282885	0
11	60282886	60310193	1
11	60310194	60467046	0
11	60467047	60483283	1
11	60483284	60496788	0
11	60496789	60511684	1
11	60511685	60524425	0
11	60524426	60544203	1
11	60544204	60552820	0
11	60552821	60568777	1
11	60568778	60609543	0
11	60609544	60618412	1
11	60618413	60618553	3
11	60618554	60623443	2
11	60623444	60635034	0
11	60635035	60643165	1
11	60643166	60658201	0
11	60658202	60674059	2
11	60674060	60681345	0
11	60681346	60690914	1
11	60690915	60691941	0
11	60691942	60704555	1
11	60704556	60704630	3
11	60704631	60720001	2
11	60720002	60739114	0
11	60739115	60787848	1
11	60787849	60869866	0
11	60869867	60895323	1
11	60895324	60897727	0
11	60897728	60929088	2
11	60929089	60970851	0
11	60970852	60980569	1
11	60980570	60989687	0
11	60989688	61018928	1
11	61018929	61025761	0
11	61025762	61062895	2
11	61062896	61066922	0
11	61066923	61100681	2
11	61100682	61100837	3
11	61100838	61101246	2
11	61101247	61116216	1
11	61116217	61116713	3
11	61116714	61117118	1
11	61117119	61120766	3
11	61120767	61129472	2
11	61129473	61129770	3
11	61129771	61136980	1
11	61136981	61159158	0
11	61159159	61166334	1
11	61166335	61170120	0
11	61170121	61197502	2
11	61197503	61197527	0
11	61197528	61258402	1
11	61258403	61276271	0
11	61276272	61278481	1
11	61278482	61282784	0
11	61282785	61348619	2
11	61348620	61447904	0
11	61447905	61514472	1
11	61514473	61520120	0
11	61520121	61555989	1
11	61555990	61556434	0
11	61556435	61560108	2
11	61560109	61560273	3
11	61560274	61567098	1
11	61567099	61584633	3
11	61584634	61593983	1
11	61593984	61594863	2
11	61594864	61596789	3
11	61596790	61634825	1
11	61634826	61640990	0
11	61640991	61659522	2
11	61659523	61664772	0
11	61664773	61687740	2
11	61687741	61717292	0
11	61717293	61727189	1
11	61727190	61731932	3
11	61731933	61732056	1
11	61732057	61732986	3
11	61732987	61735131	2
11	61735132	61735452	0
11	61735453	61736754	1
11	61736755	61891444	0
11	61891445	61920452	1
11	61920453	61957687	0
11	61957688	61961010	1
11	61961011	61976139	0
11	61976140	61981407	1
11	61981408	62009681	0
11	62009682	62012279	1
11	62012280	62037626	0
11	62037627	62040627	1
11	62040628	62063753	0
11	62063754	62066535	2
11	62066536	62104919	0
11	62104920	62160881	1
11	62160882	62172574	0
11	62172575	62190666	1
11	62190667	62201015	0
11	62201016	62323706	2
11	62323707	62327072	0
11	62327073	62342400	2
11	62342401	62342516	0
11	62342517	62359648	2
11	62359649	62360685	0
11	62360686	62369311	2
11	62369312	62369689	0
11	62369690	62379193	2
11	62379194	62380236	3
11	62380237	62382591	1
11	62382592	62382767	0
11	62382768	62389646	2
11	62389647	62392297	0
11	62392298	62414103	2
11	62414104	62414319	0
11	62414320	62432780	2
11	62432781	62435579	3
11	62435580	62437744	2
11	62437745	62439240	3
11	62439241	62439726	2
11	62439727	62441158	1
11	62441159	62443969	0
11	62443970	62446561	2
11	62446562	62453873	0
11	62453874	62457370	2
11	62457371	62457746	0
11	62457747	62475129	2
11	62475130	62476672	3
11	62476673	62477316	2
11	62477317	62480101	0
11	62480102	62494820	2
11	62494821	62495540	0
11	62495541	62506107	1
11	62506108	62518434	0
11	62518435	62521659	2
11	62521660	62529015	0
11	62529016	62534181	1
11	62534182	62538774	0
11	62538775	62539132	1
11	62539133	62554813	3
11	62554814	62554886	2
11	62554887	62557717	3
11	62557718	62559492	2
11	62559493	62559594	0
11	62559595	62573773	2
11	62573774	62574368	0
11	62574369	62599559	2
11	62599560	62599813	0
11	62599814	62609280	2
11	62609281	62623517	0
11	62623518	62656351	1
11	62656352	62676150	0
11	62676151	62689278	2
11	62689279	62744068	0
11	62744069	62752454	2
11	62752455	62760295	0
11	62760296	62783310	2
11	62783311	62847411	0
11	62847412	62911692	2
11	62911693	62921971	0
11	62921972	62931247	1
11	62931248	62997123	3
11	62997124	63137189	1
11	63137190	63137260	0
11	63137261	63177765	1
11	63177766	63228885	0
11	63228886	63258665	2
11	63258666	63273555	0
11	63273556	63284245	1
11	63284246	63304287	0
11	63304288	63313933	1
11	63313934	63320241	0
11	63320242	63330854	2
11	63330855	63340666	0
11	63340667	63381940	2
11	63381941	63391558	0
11	63391559	63439392	2
11	63439393	63448917	0
11	63448918	63527362	1
11	63527363	63580859	0
11	63580860	63595189	1
11	63595190	63606399	0
11	63606400	63678490	1
11	63678491	63678692	0
11	63678693	63684315	2
11	63684316	63706467	0
11	63706468	63724799	1
11	63724800	63742078	0
11	63742079	63766029	1
11	63766030	63769282	3
11	63769283	63870659	2
11	63870660	63886644	3
11	63886645	63933532	2
11	63933533	63952743	0
11	63952744	63972014	1
11	63972015	63974149	0
11	63974150	63991270	1
11	63991271	63991353	3
11	63991354	63993412	2
11	63993413	63993621	3
11	63993622	63993725	2
11	63993726	63997487	1
11	63997488	63997749	0
11	63997750	64001752	1
11	64001753	64002009	0
11	64002010	64006258	1
11	64006259	64008475	0
11	64008476	64011603	1
11	64011604	64011955	0
11	64011956	64014412	2
11	64014413	64018994	0
11	64018995	64036621	1
11	64036622	64037301	0
11	64037302	64037533	2
11	64037534	64052110	3
11	64052111	64052140	2
11	64052141	64056971	1
11	64056972	64058796	0
11	64058797	64067502	1
11	64067503	64067862	0
11	64067863	64072241	1
11	64072242	64073043	0
11	64073044	64083931	1
11	64083932	64084209	3
11	64084210	64084214	1
11	64084215	64085555	2
11	64085556	64085559	0
11	64085560	64089282	1
11	64089283	64107694	0
11	64107695	64125005	1
11	64125006	64126619	0
11	64126620	64139686	1
11	64139687	64216545	0
11	64216546	64219125	1
11	64219126	64323097	0
11	64323098	64340346	1
11	64340347	64358112	0
11	64358113	64369819	1
11	64369820	64373645	0
11	64373646	64490659	2
11	64490660	64494382	0
11	64494383	64512927	2
11	64512928	64513860	0
11	64513861	64527768	2
11	64527769	64532077	0
11	64532078	64546257	2
11	64546258	64556608	0
11	64556609	64570712	2
11	64570713	64570981	0
11	64570982	64578765	2
11	64578766	64590858	0
11	64590859	64612040	2
11	64612041	64619113	0
11	64619114	64655767	2
11	64655768	64662006	0
11	64662007	64684721	2
11	64684722	64685070	0
11	64685071	64701942	1
11	64701943	64701944	3
11	64701945	64703359	2
11	64703360	64704988	0
11	64704989	64739556	2
11	64739557	64755414	0
11	64755415	64764516	2
11	64764517	64781584	0
11	64781585	64789655	1
11	64789656	64794879	0
11	64794880	64808043	1
11	64808044	64808372	0
11	64808373	64812289	1
11	64812290	64812298	3
11	64812299	64812299	1
11	64812300	64826020	2
11	64826021	64833771	0
11	64833772	64851622	2
11	64851623	64851694	0
11	64851695	64855843	1
11	64855844	64855869	3
11	64855870	64856795	2
11	64856796	64856846	3
11	64856847	64883855	1
11	64883856	64883874	0
11	64883875	64885169	2
11	64885170	64888099	0
11	64888100	64889782	2
11	64889783	64889944	3
11	64889945	64894750	1
11	64894751	64894842	3
11	64894843	64902003	2
11	64902004	64937624	0
11	64937625	64940714	1
11	64940715	64947699	0
11	64947700	64948036	2
11	64948037	64949304	3
11	64949305	64979476	1
11	64979477	65029232	0
11	65029233	65073059	1
11	65073060	65082288	0
11	65082289	65089899	1
11	65089900	65101224	0
11	65101225	65120719	1
11	65120720	65122237	0
11	65122238	65125083	1
11	65125084	65142662	0
11	65142663	65151171	2
11	65151172	65154069	0
11	65154070	65180995	1
11	65180996	65222727	0
11	65222728	65234027	1
11	65234028	65292547	0
11	65292548	65306174	1
11	65306175	65306275	0
11	65306276	65326400	2
11	65326401	65337900	0
11	65337901	65341668	1
11	65341669	65343508	0
11	65343509	65358664	1
11	65358665	65359946	3
11	65359947	65360120	1
11	65360121	65360325	0
11	65360326	65363466	2
11	65363467	65365225	0
11	65365226	65381719	2
11	65381720	65383243	0
11	65383244	65404909	1
11	65404910	65405567	0
11	65405568	65418400	1
11	65418401	65421066	0
11	65421067	65430564	2
11	65430565	65479466	0
11	65479467	65485143	1
11	65485144	65487074	3
11	65487075	65488417	2
11	65488418	65543363	0
11	65543364	65548272	2
11	65548273	65554492	0
11	65554493	65564689	1
11	65564690	65601111	0
11	65601112	65621171	1
11	65621172	65622145	0
11	65622146	65624596	2
11	65624597	65626885	3
11	65626886	65627532	2
11	65627533	65628891	3
11	65628892	65629496	2
11	65629497	65633910	1
11	65633911	65633917	0
11	65633918	65641062	2
11	65641063	65647279	0
11	65647280	65651211	1
11	65651212	65651391	0
11	65651392	65656009	2
11	65656010	65657874	0
11	65657875	65659104	1
11	65659105	65659519	0
11	65659520	65668043	2
11	65668044	65684278	0
11	65684279	65686587	2
11	65686588	65686727	0
11	65686728	65689031	1
11	65689032	65729159	0
11	65729160	65747298	1
11	65747299	65764015	0
11	65764016	65769549	2
11	65769550	65769627	3
11	65769628	65769646	2
11	65769647	65771619	1
11	65771620	65779311	0
11	65779312	65780975	1
11	65780976	65784222	0
11	65784223	65793987	2
11	65793988	65809422	0
11	65809423	65816650	2
11	65816651	65819801	0
11	65819802	65834747	1
11	65834748	65836778	3
11	65836779	65837089	2
11	65837090	65837924	0
11	65837925	66012217	1
11	66012218	66024764	0
11	66024765	66035330	1
11	66035331	66036003	0
11	66036004	66044962	1
11	66044963	66045660	0
11	66045661	66051682	1
11	66051683	66052050	0
11	66052051	66056640	2
11	66056641	66059340	0
11	66059341	66064134	1
11	66064135	66081957	0
11	66081958	66084514	2
11	66084515	66099532	0
11	66099533	66104310	2
11	66104311	66104803	0
11	66104804	66112595	2
11	66112596	66112842	0
11	66112843	66115162	2
11	66115163	66115420	0
11	66115421	66129991	1
11	66129992	66131230	3
11	66131231	66139684	2
11	66139685	66188474	0
11	66188475	66194177	1
11	66194178	66202545	0
11	66202546	66206318	2
11	66206319	66234215	0
11	66234216	66244807	1
11	66244808	66247483	0
11	66247484	66288552	1
11	66288553	66301083	3
11	66301084	66301097	1
11	66301098	66313708	2
11	66313709	66330933	0
11	66330934	66336311	2
11	66336312	66357639	0
11	66357640	66360291	2
11	66360292	66360553	3
11	66360554	66373489	1
11	66373490	66384052	0
11	66384053	66432468	1
11	66432469	66434152	3
11	66434153	66445391	2
11	66445392	66452718	0
11	66452719	66496696	2
11	66496697	66511921	0
11	66511922	66614016	1
11	66614017	66615703	0
11	66615704	66624588	2
11	66624589	66627945	3
11	66627946	66725846	2
11	66725847	66742747	0
11	66742748	66744474	1
11	66744475	66774248	0
11	66774249	66818333	1
11	66818334	66824288	0
11	66824289	66839483	1
11	66839484	66886739	0
11	66886740	66963390	1
11	66963391	66964637	3
11	66964638	67025557	1
11	67025558	67033880	0
11	67033881	67054026	1
11	67054027	67056017	0
11	67056018	67069955	1
11	67069956	67070918	0
11	67070919	67080072	1
11	67080073	67119018	0
11	67119019	67121016	2
11	67121017	67131638	0
11	67131639	67141647	2
11	67141648	67159422	0
11	67159423	67165653	1
11	67165654	67165879	3
11	67165880	67171385	2
11	67171386	67177559	3
11	67177560	67183148	2
11	67183149	67188651	3
11	67188652	67188653	2
11	67188654	67193077	1
11	67193078	67195964	0
11	67195965	67202871	1
11	67202872	67202980	0
11	67202981	67211262	2
11	67211263	67218771	0
11	67218772	67219885	2
11	67219886	67220199	3
11	67220200	67226698	1
11	67226699	67231862	0
11	67231863	67236742	2
11	67236743	67250511	0
11	67250512	67258573	1
11	67258574	67259238	0
11	67259239	67273733	2
11	67273734	67273967	0
11	67273968	67276101	2
11	67276102	67286382	0
11	67286383	67290866	2
11	67290867	67351065	0
11	67351066	67354130	1
11	67354131	67370350	0
11	67370351	67374176	2
11	67374177	67374322	0
11	67374323	67380005	1
11	67380006	67395408	0
11	67395409	67397400	2
11	67397401	67398773	0
11	67398774	67407030	2
11	67407031	67410025	0
11	67410026	67418129	2
11	67418130	67429632	0
11	67429633	67448670	2
11	67448671	67758574	0
11	67758575	67772451	2
11	67772452	67776047	0
11	67776048	67796740	1
11	67796741	67798093	0
11	67798094	67804110	1
11	67804111	67806482	0
11	67806483	67818361	1
11	67818362	67820325	0
11	67820326	67888910	2
11	67888911	67922329	0
11	67922330	67981294	2
11	67981295	68028802	0
11	68028803	68039456	2
11	68039457	68080076	0
11	68080077	68216742	1
11	68216743	68228185	0
11	68228186	68382801	1
11	68382802	68451942	0
11	68451943	68458642	1
11	68458643	68474907	0
11	68474908	68519031	2
11	68519032	68522087	0
11	68522088	68611877	2
11	68611878	68658743	0
11	68658744	68671287	2
11	68671288	68671309	0
11	68671310	68708066	1
11	68708067	68747489	0
11	68747490	68748454	2
11	68748455	68771862	0
11	68771863	68780876	2
11	68780877	68816364	0
11	68816365	68855991	1
11	68855992	69061604	0
11	69061605	69064753	1
11	69064754	69455854	0
11	69455855	69469126	1
11	69469127	69469241	3
11	69469242	69490183	2
11	69490184	69512999	0
11	69513000	69519409	2
11	69519410	69587253	0
11	69587254	69587717	2
11	69587718	69587796	0
11	69587797	69590170	2
11	69590171	69624991	0
11	69624992	69633791	2
11	69633792	69924407	0
11	69924408	70035633	1
11	70035634	70049268	0
11	70049269	70053495	1
11	70053496	70116805	0
11	70116806	70230505	1
11	70230506	70244509	0
11	70244510	70282689	1
11	70282690	70313960	0
11	70313961	70963622	2
11	70963623	71139238	0
11	71139239	71163913	2
11	71163914	71164154	0
11	71164155	71212861	1
11	71212862	71238312	0
11	71238313	71239209	1
11	71239210	71249070	0
11	71249071	71250252	1
11	71250253	71259465	0
11	71259466	71260652	1
11	71260653	71276608	0
11	71276609	71279979	1
11	71279980	71292900	0
11	71292901	71318486	2
11	71318487	71498555	0
11	71498556	71512281	1
11	71512282	71544245	0
11	71544246	71548607	1
11	71548608	71576554	0
11	71576555	71639699	2
11	71639700	71639746	0
11	71639747	71708642	1
11	71708643	71709586	0
11	71709587	71713909	1
11	71713910	71714798	3
11	71714799	71791381	2
11	71791382	71791434	3
11	71791435	71791692	2
11	71791693	71791732	3
11	71791733	71796940	1
11	71796941	71814291	3
11	71814292	71817423	1
11	71817424	71821824	3
11	71821825	71821827	1
11	71821828	71823825	2
11	71823826	71846755	0
11	71846756	71850935	1
11	71850936	71900601	0
11	71900602	71907344	1
11	71907345	71927644	0
11	71927645	71932993	1
11	71932994	71934744	0
11	71934745	71950120	1
11	71950121	71950148	3
11	71950149	71955219	2
11	71955220	72003468	0
11	72003469	72145691	2
11	72145692	72287184	0
11	72287185	72385496	2
11	72385497	72396113	0
11	72396114	72504725	2
11	72504726	72525352	0
11	72525353	72547789	1
11	72547790	72554718	3
11	72554719	72853305	2
11	72853306	72929342	0
11	72929343	72947396	1
11	72947397	72975549	0
11	72975550	73009661	1
11	73009662	73019333	0
11	73019334	73080135	1
11	73080136	73087308	0
11	73087309	73108516	1
11	73108517	73111531	0
11	73111532	73309233	2
11	73309234	73357222	0
11	73357223	73373863	1
11	73373864	73386682	0
11	73386683	73472181	2
11	73472182	73498360	0
11	73498361	73576177	1
11	73576178	73583711	0
11	73583712	73587743	2
11	73587744	73588032	3
11	73588033	73638789	1
11	73638790	73661363	0
11	73661364	73681410	1
11	73681411	73685711	0
11	73685712	73694351	2
11	73694352	73711325	0
11	73711326	73720479	2
11	73720480	73724429	0
11	73724430	73882143	2
11	73882144	73882254	3
11	73882255	73965747	1
11	73965748	73977699	0
11	73977700	74022701	2
11	74022702	74041362	0
11	74041363	74109517	2
11	74109518	74165885	0
11	74165886	74178773	2
11	74178774	74202756	0
11	74202757	74204777	2
11	74204778	74204895	0
11	74204896	74380161	1
11	74380162	74407473	0
11	74407474	74442429	2
11	74442430	74459912	0
11	74459913	74551274	1
11	74551275	74553457	3
11	74553458	74660231	2
11	74660232	74660291	0
11	74660292	74690075	1
11	74690076	74699178	0
11	74699179	74729937	1
11	74729938	74799757	0
11	74799758	74800798	2
11	74800799	74811635	0
11	74811636	74917593	1
11	74917594	74951949	0
11	74951950	74954741	1
11	74954742	74975225	0
11	74975226	75062872	2
11	75062873	75110529	0
11	75110530	75133323	1
11	75133324	75133437	0
11	75133438	75141673	2
11	75141674	75145684	0
11	75145685	75236947	2
11	75236948	75273100	0
11	75273101	75283827	1
11	75283828	75297962	0
11	75297963	75380164	2
11	75380165	75428863	0
11	75428864	75444002	1
11	75444003	75470556	0
11	75470557	75512578	1
11	75512579	75526211	0
11	75526212	75854238	1
11	75854239	75897368	0
11	75897369	75921779	2
11	75921780	76060999	0
11	76061000	76091985	2
11	76091986	76092359	0
11	76092360	76119179	1
11	76119180	76156065	0
11	76156066	76264068	1
11	76264069	76368567	0
11	76368568	76381790	2
11	76381791	76493294	0
11	76493295	76509197	1
11	76509198	76571910	0
11	76571911	76737840	1
11	76737841	76745384	0
11	76745385	76753095	1
11	76753096	76777978	0
11	76777979	76837200	1
11	76837201	76839309	0
11	76839310	76926282	1
11	76926283	76927602	0
11	76927603	76998462	2
11	76998463	77032751	0
11	77032752	77184415	2
11	77184416	77185106	3
11	77185107	77185679	2
11	77185680	77188073	1
11	77188074	77300679	0
11	77300680	77321399	1
11	77321400	77325574	0
11	77325575	77348849	2
11	77348850	77371040	0
11	77371041	77532062	2
11	77532063	77532154	0
11	77532155	77589765	1
11	77589766	77629477	3
11	77629478	77705723	2
11	77705724	77726760	0
11	77726761	77774906	2
11	77774907	77779396	3
11	77779397	77791264	2
11	77791265	77811981	0
11	77811982	77850705	2
11	77850706	77882294	0
11	77882295	77899857	2
11	77899858	77899867	3
11	77899868	77925756	1
11	77925757	77926342	0
11	77926343	78129393	2
11	78129394	78147006	0
11	78147007	78285918	2
11	78285919	78363875	0
11	78363876	79151694	2
11	79151695	82443052	0
11	82443053	82444905	2
11	82444906	82534543	0
11	82534544	82611016	2
11	82611017	82611638	3
11	82611639	82612739	2
11	82612740	82612781	3
11	82612782	82612783	2
11	82612784	82643257	3
11	82643258	82681625	2
11	82681626	82684174	0
11	82684175	82782964	2
11	82782965	82868029	0
11	82868030	82898492	1
11	82898493	82904780	0
11	82904781	82967140	1
11	82967141	82970138	0
11	82970139	82997449	2
11	82997450	83166054	0
11	83166055	85338313	2
11	85338314	85339628	0
11	85339629	85347579	1
11	85347580	85359020	0
11	85359021	85367586	1
11	85367587	85370766	0
11	85370767	85393950	2
11	85393951	85394892	0
11	85394893	85397319	2
11	85397320	85405266	0
11	85405267	85522183	2
11	85522184	85563599	0
11	85563600	85565985	2
11	85565986	85566143	0
11	85566144	85631063	1
11	85631064	85668726	0
11	85668727	85780923	2
11	85780924	85955585	0
11	85955586	85989854	1
11	85989855	86013252	0
11	86013253	86056968	1
11	86056969	86085777	0
11	86085778	86134150	1
11	86134151	86152149	0
11	86152150	86383677	2
11	86383678	86502100	0
11	86502101	86656720	1
11	86656721	86663951	3
11	86663952	86666432	2
11	86666433	86748885	0
11	86748886	87034799	1
11	87034800	87846409	0
11	87846410	87908634	2
11	87908635	88026759	0
11	88026760	88070954	2
11	88070955	88237743	0
11	88237744	88799112	2
11	88799113	88910619	0
11	88910620	89028926	1
11	89028927	89057523	0
11	89057524	89322778	2
11	89322779	89443466	0
11	89443467	89451039	1
11	89451040	89530822	0
11	89530823	89541742	2
11	89541743	89602449	0
11	89602450	89609184	2
11	89609185	89644278	0
11	89644279	89654934	2
11	89654935	89764273	0
11	89764274	89806557	1
11	89806558	89864682	0
11	89864683	89926061	1
11	89926062	89934327	0
11	89934328	89956531	2
11	89956532	92085261	0
11	92085262	92629617	1
11	92629618	92702885	0
11	92702886	92718231	1
11	92718232	92877340	0
11	92877341	92931128	2
11	92931129	93063136	0
11	93063137	93171635	1
11	93171636	93211637	0
11	93211638	93276673	2
11	93276674	93394804	0
11	93394805	93463521	1
11	93463522	93468732	0
11	93468733	93474756	2
11	93474757	93475110	3
11	93475111	93478994	2
11	93478995	93488558	3
11	93488559	93517392	2
11	93517393	93517556	3
11	93517557	93547860	1
11	93547861	93551397	0
11	93551398	93583696	2
11	93583697	93754526	0
11	93754527	93846916	1
11	93846917	93862093	0
11	93862094	93915137	1
11	93915138	94038758	0
11	94038759	94040886	1
11	94040887	94110476	0
11	94110477	94134584	2
11	94134585	94152894	0
11	94152895	94226794	2
11	94226795	94227073	3
11	94227074	94232748	1
11	94232749	94277016	0
11	94277017	94283062	1
11	94283063	94300473	0
11	94300474	94354586	1
11	94354587	94439596	0
11	94439597	94609917	1
11	94609918	94695792	0
11	94695793	94706775	2
11	94706776	94706844	0
11	94706845	94732681	1
11	94732682	94758421	0
11	94758422	94760759	1
11	94760760	94822973	0
11	94822974	94865808	1
11	94865809	94898703	0
11	94898704	94965704	2
11	94965705	95502105	0
11	95502106	95523128	2
11	95523129	95523572	3
11	95523573	95565856	1
11	95565857	95566045	0
11	95566046	95657458	2
11	95657459	95709761	0
11	95709762	96076343	2
11	96076344	96085932	0
11	96085933	96123075	2
11	96123076	96123157	0
11	96123158	96126726	1
11	96126727	98891870	0
11	98891871	100229615	1
11	100229616	100558383	0
11	100558384	100862667	1
11	100862668	100862810	0
11	100862811	100864662	1
11	100864663	100900354	0
11	100900355	101001254	2
11	101001255	101322294	0
11	101322295	101454658	2
11	101454659	101761404	0
11	101761405	101785745	2
11	101785746	101787252	3
11	101787253	101871788	1
11	101871789	101918173	0
11	101918174	101955290	1
11	101955291	101981191	0
11	101981192	102104153	1
11	102104154	102188225	0
11	102188226	102210133	1
11	102210134	102217944	0
11	102217945	102249400	1
11	102249401	102267062	0
11	102267063	102323774	2
11	102323775	102337985	0
11	102337986	102369531	1
11	102369532	102391238	0
11	102391239	102401483	2
11	102401484	102447565	0
11	102447566	102496062	2
11	102496063	102552040	0
11	102552041	102554643	1
11	102554644	102562217	0
11	102562218	102576536	2
11	102576537	102582525	0
11	102582526	102595684	2
11	102595685	102641233	0
11	102641234	102651358	2
11	102651359	102660650	0
11	102660651	102668890	2
11	102668891	102706531	0
11	102706532	102714533	2
11	102714534	102813723	0
11	102813724	102826462	2
11	102826463	102932804	0
11	102932805	102962943	2
11	102962944	102980159	0
11	102980160	103350590	1
11	103350591	103777913	0
11	103777914	103907307	2
11	103907308	103909921	3
11	103909922	104035106	2
11	104035107	104756444	0
11	104756445	104769396	2
11	104769397	104813592	0
11	104813593	104840162	2
11	104840163	104864966	0
11	104864967	104893894	2
11	104893895	104896169	0
11	104896170	104972157	2
11	104972158	105008447	0
11	105008448	105010452	2
11	105010453	105480720	0
11	105480721	105852818	1
11	105852819	105878628	0
11	105878629	105893129	2
11	105893130	105921824	0
11	105921825	105946227	2
11	105946228	105948185	3
11	105948186	105948215	2
11	105948216	105948491	3
11	105948492	105969436	1
11	105969437	106544737	0
11	106544738	106889249	2
11	106889250	107197070	0
11	107197071	107328571	2
11	107328572	107373451	0
11	107373452	107436471	2
11	107436472	107461816	0
11	107461817	107537504	1
11	107537505	107578103	0
11	107578104	107582997	2
11	107582998	107590418	3
11	107590419	107595134	1
11	107595135	107643128	0
11	107643129	107647343	1
11	107647344	107650218	0
11	107650219	107652315	1
11	107652316	107661716	0
11	107661717	107799018	2
11	107799019	107799228	0
11	107799229	107834207	1
11	107834208	107879458	0
11	107879459	107978502	1
11	107978503	107992242	0
11	107992243	108018502	1
11	108018503	108027941	0
11	108027942	108093210	2
11	108093211	108093368	3
11	108093369	108130254	1
11	108130255	108136479	3
11	108136480	108179245	1
11	108179246	108239825	3
11	108239826	108239828	1
11	108239829	108338257	2
11	108338258	108342831	0
11	108342832	108369158	2
11	108369159	108376157	0
11	108376158	108464464	2
11	108464465	108535751	0
11	108535752	108811656	1
11	108811657	109292845	0
11	109292846	109299839	1
11	109299840	109964086	0
11	109964087	110042565	1
11	110042566	110045604	0
11	110045605	110167446	2
11	110167447	110300606	0
11	110300607	110335604	1
11	110335605	110447765	0
11	110447766	110583911	2
11	110583912	111126706	0
11	111126707	111157125	1
11	111157126	111164113	0
11	111164114	111169564	2
11	111169565	111175769	3
11	111175770	111179459	1
11	111179460	111222976	0
11	111222977	111320705	2
11	111320706	111322063	0
11	111322064	111327329	1
11	111327330	111338250	0
11	111338251	111383078	2
11	111383079	111385509	0
11	111385510	111407755	1
11	111407756	111411004	0
11	111411005	111432263	1
11	111432264	111473114	0
11	111473115	111597631	1
11	111597632	111601576	3
11	111601577	111637150	2
11	111637151	111652918	0
11	111652919	111742023	2
11	111742024	111744779	0
11	111744780	111749658	2
11	111749659	111749903	3
11	111749904	111749947	2
11	111749948	111751966	3
11	111751967	111756698	1
11	111756699	111779288	0
11	111779289	111782965	2
11	111782966	111784816	3
11	111784817	111788755	2
11	111788756	111794445	3
11	111794446	111797595	1
11	111797596	111797867	0
11	111797868	111893304	1
11	111893305	111895537	0
11	111895538	111934733	1
11	111934734	111935113	3
11	111935114	111944809	2
11	111944810	111944894	3
11	111944895	111944997	2
11	111944998	111955523	1
11	111955524	111955873	3
11	111955874	111957496	2
11	111957497	111957518	3
11	111957519	111957521	2
11	111957522	111990352	1
11	111990353	112013973	0
11	112013974	112034839	2
11	112034840	112038094	0
11	112038095	112095421	1
11	112095422	112097087	0
11	112097088	112104695	1
11	112104696	112118875	0
11	112118876	112130987	2
11	112130988	112131582	3
11	112131583	112132116	1
11	112132117	112832089	0
11	112832090	113149132	1
11	113149133	113185250	0
11	113185251	113254265	1
11	113254266	113258512	0
11	113258513	113271139	1
11	113271140	113280317	0
11	113280318	113346110	2
11	113346111	113558271	0
11	113558272	113577094	2
11	113577095	113603908	0
11	113603909	113644532	2
11	113644533	113650468	0
11	113650469	113651221	1
11	113651222	113668595	0
11	113668596	113746291	2
11	113746292	113775398	0
11	113775399	113817286	1
11	113817287	113845602	0
11	113845603	113861034	1
11	113861035	113930314	0
11	113930315	114121397	1
11	114121398	114128552	0
11	114128553	114184006	1
11	114184007	114262164	0
11	114262165	114270751	2
11	114270752	114271138	3
11	114271139	114284924	1
11	114284925	114310107	0
11	114310108	114321000	1
11	114321001	114392436	0
11	114392437	114430616	2
11	114430617	114441312	0
11	114441313	114466483	2
11	114466484	114549107	0
11	114549108	114579361	1
11	114579362	115039955	0
11	115039956	115375674	2
11	115375675	116618885	0
11	116618886	116643703	2
11	116643704	116648435	0
11	116648436	116658765	2
11	116658766	116660082	0
11	116660083	116663135	2
11	116663136	116691418	0
11	116691419	116694021	2
11	116694022	116700421	0
11	116700422	116703787	1
11	116703788	116706466	0
11	116706467	116708665	2
11	116708666	116714117	0
11	116714118	116969152	2
11	116969153	117014982	0
11	117014983	117047589	1
11	117047590	117049448	0
11	117049449	117068159	1
11	117068160	117070036	0
11	117070037	117075052	1
11	117075053	117075272	3
11	117075273	117075497	1
11	117075498	117103240	2
11	117103241	117103340	0
11	117103341	117156401	1
11	117156402	117156403	3
11	117156404	117156421	1
11	117156422	117157160	3
11	117157161	117185272	2
11	117185273	117186971	3
11	117186972	117186974	2
11	117186975	117283983	1
11	117283984	117298488	0
11	117298489	117748200	2
11	117748201	117771357	0
11	117771358	117800173	2
11	117800174	117857062	0
11	117857063	117872193	1
11	117872194	117947752	0
11	117947753	117992604	1
11	117992605	118004091	0
11	118004092	118023602	2
11	118023603	118032665	0
11	118032666	118047387	2
11	118047388	118064454	0
11	118064455	118095808	2
11	118095809	118097408	0
11	118097409	118123064	2
11	118123065	118124117	0
11	118124118	118135250	2
11	118135251	118175259	0
11	118175260	118186889	1
11	118186890	118209668	0
11	118209669	118213458	2
11	118213459	118215058	0
11	118215059	118225875	1
11	118225876	118230299	0
11	118230300	118269620	1
11	118269621	118269925	3
11	118269926	118271868	2
11	118271869	118272609	3
11	118272610	118302210	1
11	118302211	118303835	0
11	118303836	118305920	2
11	118305921	118307204	0
11	118307205	118397538	1
11	118397539	118398186	0
11	118398187	118415242	1
11	118415243	118417994	3
11	118417995	118443104	2
11	118443105	118443474	3
11	118443475	118443684	2
11	118443685	118473747	1
11	118473748	118477154	0
11	118477155	118528025	1
11	118528026	118528740	3
11	118528741	118550381	2
11	118550382	118620033	0
11	118620034	118661844	2
11	118661845	118754474	0
11	118754475	118764583	1
11	118764584	118768507	3
11	118768508	118789612	2
11	118789613	118827025	0
11	118827026	118829268	1
11	118829269	118842416	0
11	118842417	118852000	1
11	118852001	118868851	0
11	118868852	118886421	1
11	118886422	118886454	3
11	118886455	118889141	2
11	118889142	118889399	3
11	118889400	118895062	1
11	118895063	118896163	3
11	118896164	118901615	2
11	118901616	118914899	0
11	118914900	118927885	2
11	118927886	118938492	0
11	118938493	118952685	1
11	118952686	118955592	0
11	118955593	118964258	1
11	118964259	118964563	0
11	118964564	118966176	2
11	118966177	118967212	0
11	118967213	118978092	2
11	118978093	118979040	3
11	118979041	118989251	1
11	118989252	118992296	0
11	118992297	119006751	1
11	119006752	119019721	0
11	119019722	119027589	1
11	119027590	119027929	3
11	119027930	119033359	1
11	119033360	119038896	0
11	119038897	119054724	1
11	119054725	119056183	0
11	119056184	119060346	1
11	119060347	119060468	3
11	119060469	119060931	1
11	119060932	119066583	2
11	119066584	119076751	0
11	119076752	119178858	1
11	119178859	119179240	0
11	119179241	119187825	2
11	119187826	119205236	0
11	119205237	119208022	1
11	119208023	119209651	0
11	119209652	119217382	2
11	119217383	119225924	0
11	119225925	119252435	2
11	119252436	119288089	0
11	119288090	119295694	2
11	119295695	119508807	0
11	119508808	119599793	2
11	119599794	119981982	0
11	119981983	120039684	2
11	120039685	120042386	3
11	120042387	120056236	2
11	120056237	120081474	0
11	120081475	120101040	1
11	120101041	120107348	0
11	120107349	120190652	1
11	120190653	120195837	0
11	120195838	120204390	1
11	120204391	120207786	0
11	120207787	120329879	1
11	120329880	120330046	3
11	120330047	120360644	1
11	120360645	120382467	0
11	120382468	120859612	1
11	120859613	120894780	0
11	120894781	120961483	1
11	120961484	120971881	0
11	120971882	121062201	1
11	121062202	121163161	0
11	121163162	121179402	1
11	121179403	121322911	0
11	121322912	121504401	1
11	121504402	121986061	0
11	121986062	121986922	2
11	121986923	122526382	0
11	122526383	122685180	1
11	122685181	122709207	0
11	122709208	122743346	1
11	122743347	122753390	0
11	122753391	122830505	1
11	122830506	122848277	0
11	122848278	122852427	2
11	122852428	122928196	0
11	122928197	122933937	2
11	122933938	122943034	0
11	122943035	123065988	2
11	123065989	123301057	0
11	123301058	123306426	1
11	123306427	123396343	0
11	123396344	123498481	1
11	123498482	123499896	0
11	123499897	123525951	2
11	123525952	123594884	0
11	123594885	123612380	2
11	123612381	123624195	0
11	123624196	123625252	2
11	123625253	123676042	0
11	123676043	123677094	2
11	123677095	123753632	0
11	123753633	123756348	2
11	123756349	123777108	0
11	123777109	123778182	1
11	123778183	123810249	0
11	123810250	123811343	1
11	123811344	123813491	0
11	123813492	123814579	2
11	123814580	123847367	0
11	123847368	123848487	2
11	123848488	123864869	0
11	123864870	123865867	2
11	123865868	123886281	0
11	123886282	123887216	1
11	123887217	123893719	0
11	123893720	123894654	1
11	123894655	123900296	0
11	123900297	123901340	1
11	123901341	123908772	0
11	123908773	123909716	2
11	123909717	123986068	0
11	123986069	124018427	1
11	124018428	124055922	0
11	124055923	124056951	1
11	124056952	124120422	0
11	124120423	124135762	1
11	124135763	124179707	0
11	124179708	124180732	2
11	124180733	124189133	0
11	124189134	124190183	2
11	124190184	124252290	0
11	124252291	124253257	2
11	124253258	124266277	0
11	124266278	124267263	2
11	124267264	124293806	0
11	124293807	124294788	2
11	124294789	124310021	0
11	124310022	124311053	2
11	124311054	124412577	0
11	124412578	124413574	2
11	124413575	124439892	0
11	124439893	124441036	1
11	124441037	124481385	0
11	124481386	124490251	1
11	124490252	124492765	0
11	124492766	124503008	1
11	124503009	124504697	3
11	124504698	124543693	2
11	124543694	124543776	3
11	124543777	124567413	1
11	124567414	124609741	0
11	124609742	124617105	1
11	124617106	124617367	0
11	124617368	124632185	2
11	124632186	124636393	0
11	124636394	124670568	2
11	124670569	124735281	0
11	124735282	124751361	1
11	124751362	124753586	0
11	124753587	124761199	2
11	124761200	124762021	3
11	124762022	124768176	2
11	124768177	124789088	0
11	124789089	124789145	2
11	124789146	124790572	3
11	124790573	124806307	2
11	124806308	124824016	0
11	124824017	124911384	1
11	124911385	124932962	0
11	124932963	124959130	1
11	124959131	124966397	0
11	124966398	124981658	2
11	124981659	125034601	0
11	125034602	125303284	1
11	125303285	125315656	0
11	125315657	125365109	2
11	125365110	125366205	3
11	125366206	125369423	1
11	125369424	125439175	0
11	125439176	125454573	1
11	125454574	125461606	0
11	125461607	125492985	1
11	125492986	125495035	0
11	125495036	125541416	1
11	125541417	125546149	3
11	125546150	125551017	2
11	125551018	125616187	0
11	125616188	125619761	1
11	125619762	125646007	0
11	125646008	125648713	2
11	125648714	125658005	0
11	125658006	125661494	1
11	125661495	125703210	0
11	125703211	125709963	1
11	125709964	125753508	0
11	125753509	125763380	1
11	125763381	125770538	3
11	125770539	125770542	1
11	125770543	125773115	2
11	125773116	125774257	0
11	125774258	125793004	1
11	125793005	125825690	0
11	125825691	125933229	2
11	125933230	126071992	0
11	126071993	126081308	2
11	126081309	126081586	3
11	126081587	126132813	1
11	126132814	126132880	3
11	126132881	126138876	2
11	126138877	126139027	0
11	126139028	126148018	1
11	126148019	126152981	0
11	126152982	126164192	1
11	126164193	126164827	3
11	126164828	126173646	2
11	126173647	126174212	3
11	126174213	126215643	1
11	126215644	126225554	0
11	126225555	126284532	1
11	126284533	126293253	0
11	126293254	126870705	2
11	126870706	128328655	0
11	128328656	128457452	2
11	128457453	128556429	0
11	128556430	128683161	1
11	128683162	128706209	0
11	128706210	128737267	2
11	128737268	128761250	0
11	128761251	128769459	1
11	128769460	128775591	3
11	128775592	128790929	1
11	128790930	128804625	0
11	128804626	128812821	2
11	128812822	128834954	0
11	128834955	129149218	2
11	129149219	129245834	0
11	129245835	129322170	1
11	129322171	129685713	0
11	129685714	129729897	1
11	129729898	129733530	0
11	129733531	129765478	2
11	129765479	129769600	0
11	129769601	129872729	2
11	129872730	129936835	0
11	129936836	130014698	1
11	130014699	130029456	0
11	130029457	130080270	1
11	130080271	130096572	0
11	130096573	130184580	2
11	130184581	130274819	0
11	130274820	130298887	2
11	130298888	130318868	0
11	130318869	130346531	1
11	130346532	130542850	0
11	130542851	130587246	1
11	130587247	130745330	0
11	130745331	130786403	2
11	130786404	131240372	0
11	131240373	132206715	1
11	132206716	132284870	0
11	132284871	133402413	2
11	133402414	133710525	0
11	133710526	133715432	2
11	133715433	133778458	0
11	133778459	133826879	2
11	133826880	133938819	0
11	133938820	134021895	1
11	134021896	134022339	0
11	134022340	134094538	2
11	134094539	134095347	3
11	134095348	134117685	1
11	134117686	134118172	0
11	134118173	134123263	2
11	134123264	134123388	0
11	134123389	134135748	1
11	134135749	134144138	0
11	134144139	134189456	1
11	134189457	134201767	0
11	134201768	134248234	1
11	134248235	134248399	0
11	134248400	134281811	2
11	134281812	134855245	0
11	134855246	134856692	1
