<CHROM>	<START>	<END>	<TSB>
17	0	5809	0
17	5810	31426	2
17	31427	62292	0
17	62293	236044	2
17	236045	260117	0
17	260118	270887	1
17	270888	289768	0
17	289769	295729	2
17	295730	411907	0
17	411908	624956	2
17	624957	635651	0
17	635652	646205	1
17	646206	647653	0
17	647654	657238	2
17	657239	662336	0
17	662337	685512	2
17	685513	685580	3
17	685581	695748	1
17	695749	702552	0
17	702553	812871	2
17	812872	814451	3
17	814452	883009	2
17	883010	900356	0
17	900357	906757	1
17	906758	906910	3
17	906911	1132297	2
17	1132298	1173852	0
17	1173853	1174753	1
17	1174754	1182956	0
17	1182957	1204280	1
17	1204281	1247565	0
17	1247566	1303671	2
17	1303672	1323982	0
17	1323983	1359551	2
17	1359552	1367391	0
17	1367392	1396105	2
17	1396106	1397864	0
17	1397865	1420181	2
17	1420182	1421011	0
17	1421012	1466109	2
17	1466110	1472560	0
17	1472561	1532129	2
17	1532130	1537151	0
17	1537152	1549040	2
17	1549041	1549443	0
17	1549444	1553370	2
17	1553371	1553922	0
17	1553923	1588175	2
17	1588176	1611063	0
17	1611064	1613731	2
17	1613732	1619816	0
17	1619817	1641892	1
17	1641893	1646129	0
17	1646130	1658561	1
17	1658562	1665252	0
17	1665253	1680867	1
17	1680868	1682778	0
17	1682779	1732995	2
17	1732996	1733174	3
17	1733175	1733264	2
17	1733265	1733927	3
17	1733928	1803375	1
17	1803376	1837970	0
17	1837971	1928638	2
17	1928639	1933403	0
17	1933404	1946723	1
17	1946724	1957447	0
17	1957448	1962980	1
17	1962981	1963132	0
17	1963133	2206676	2
17	2206677	2206812	3
17	2206813	2206997	2
17	2206998	2207064	3
17	2207065	2225796	1
17	2225797	2228553	3
17	2228554	2240800	2
17	2240801	2240805	0
17	2240806	2284351	1
17	2284352	2287353	0
17	2287354	2304411	2
17	2304412	2310278	0
17	2310279	2318730	2
17	2318731	2319369	0
17	2319370	2415182	2
17	2415183	2496503	0
17	2496504	2588908	1
17	2588909	2592679	0
17	2592680	2615956	2
17	2615957	2680349	0
17	2680350	2941032	1
17	2941033	2965962	0
17	2965963	2966900	2
17	2966901	2995351	0
17	2995352	2996289	2
17	2996290	3029877	0
17	3029878	3030874	2
17	3030875	3100812	0
17	3100813	3101741	1
17	3101742	3118914	0
17	3118915	3119843	1
17	3119844	3181192	0
17	3181193	3182267	2
17	3182268	3194928	0
17	3194929	3195875	2
17	3195876	3300397	0
17	3300398	3301703	2
17	3301704	3323861	0
17	3323862	3324826	1
17	3324827	3336163	0
17	3336164	3337134	2
17	3337135	3343312	0
17	3343313	3375667	2
17	3375668	3379688	3
17	3379689	3461288	2
17	3461289	3468737	0
17	3468738	3539615	2
17	3539616	3539761	0
17	3539762	3564835	1
17	3564836	3566195	0
17	3566196	3571975	2
17	3571976	3572108	0
17	3572109	3572961	1
17	3572962	3575492	0
17	3575493	3599697	2
17	3599698	3617921	0
17	3617922	3627210	2
17	3627211	3630066	3
17	3630067	3704536	2
17	3704537	3714459	0
17	3714460	3749544	2
17	3749545	3763608	0
17	3763609	3796337	2
17	3796338	3799885	0
17	3799886	3819793	2
17	3819794	3827168	0
17	3827169	3867735	2
17	3867736	3907738	0
17	3907739	4046313	2
17	4046314	4046461	0
17	4046462	4067200	1
17	4067201	4090604	3
17	4090605	4167273	2
17	4167274	4172553	0
17	4172554	4269922	2
17	4269923	4336982	0
17	4336983	4391502	1
17	4391503	4402132	0
17	4402133	4442191	1
17	4442192	4442329	3
17	4442330	4458925	2
17	4458926	4460221	0
17	4460222	4464112	2
17	4464113	4487293	0
17	4487294	4511613	1
17	4511614	4534196	0
17	4534197	4545588	2
17	4545589	4574678	0
17	4574679	4607631	2
17	4607632	4613783	0
17	4613784	4624793	1
17	4624794	4634722	0
17	4634723	4636820	1
17	4636821	4636904	3
17	4636905	4643216	2
17	4643217	4643318	0
17	4643319	4649410	1
17	4649411	4675186	0
17	4675187	4686505	1
17	4686506	4688579	0
17	4688580	4689727	2
17	4689728	4692253	0
17	4692254	4693684	1
17	4693685	4699438	0
17	4699439	4701789	1
17	4701790	4710390	0
17	4710391	4726728	1
17	4726729	4736682	0
17	4736683	4801068	1
17	4801069	4801347	3
17	4801348	4801348	1
17	4801349	4802712	2
17	4802713	4804093	3
17	4804094	4806368	2
17	4806369	4835591	0
17	4835592	4838324	1
17	4838325	4840424	0
17	4840425	4843302	2
17	4843303	4843545	3
17	4843546	4848516	1
17	4848517	4848946	0
17	4848947	4851386	2
17	4851387	4852308	3
17	4852309	4852355	2
17	4852356	4860425	1
17	4860426	4862520	0
17	4862521	4871166	2
17	4871167	4871286	0
17	4871287	4890959	2
17	4890960	4891424	0
17	4891425	4900904	2
17	4900905	4901242	0
17	4901243	4931695	1
17	4931696	4935894	0
17	4935895	4955303	2
17	4955304	4981542	0
17	4981543	4999668	1
17	4999669	5008835	0
17	5008836	5019732	2
17	5019733	5026396	3
17	5026397	5078328	1
17	5078329	5082830	0
17	5082831	5095177	2
17	5095178	5112255	0
17	5112256	5138154	2
17	5138155	5185557	0
17	5185558	5289128	1
17	5289129	5289345	0
17	5289346	5322960	2
17	5322961	5323479	3
17	5323480	5336096	1
17	5336097	5336195	3
17	5336196	5372379	2
17	5372380	5374570	0
17	5374571	5389536	2
17	5389537	5389604	0
17	5389605	5394133	1
17	5394134	5404704	0
17	5404705	5522743	2
17	5522744	5676245	0
17	5676246	6027746	1
17	6027747	6297012	0
17	6297013	6338518	2
17	6338519	6347734	0
17	6347735	6354583	1
17	6354584	6354788	3
17	6354789	6459813	2
17	6459814	6481467	0
17	6481468	6544077	2
17	6544078	6544246	3
17	6544247	6546634	1
17	6546635	6547860	3
17	6547861	6554953	2
17	6554954	6554970	0
17	6554971	6556790	1
17	6556791	6588031	0
17	6588032	6616885	2
17	6616886	6658883	0
17	6658884	6678965	1
17	6678966	6679541	0
17	6679542	6690964	1
17	6690965	6692451	0
17	6692452	6735079	2
17	6735080	6780106	0
17	6780107	6899383	2
17	6899384	6914054	3
17	6914055	6915667	2
17	6915668	6915735	0
17	6915736	6915927	1
17	6915928	6917754	3
17	6917755	6920838	1
17	6920839	6926338	0
17	6926339	6933608	1
17	6933609	6939393	0
17	6939394	6943439	1
17	6943440	6944948	0
17	6944949	6947241	2
17	6947242	6977855	0
17	6977856	6983625	2
17	6983626	7004640	0
17	7004641	7019018	2
17	7019019	7076749	0
17	7076750	7082882	2
17	7082883	7093208	0
17	7093209	7120443	2
17	7120444	7120665	3
17	7120666	7123020	2
17	7123021	7128591	1
17	7128592	7128659	0
17	7128660	7137863	2
17	7137864	7138346	0
17	7138347	7143040	2
17	7143041	7143332	0
17	7143333	7146088	2
17	7146089	7146909	0
17	7146910	7154734	2
17	7154735	7154993	3
17	7154994	7155342	2
17	7155343	7155399	3
17	7155400	7155550	2
17	7155551	7155809	3
17	7155810	7163221	1
17	7163222	7163249	3
17	7163250	7163258	1
17	7163259	7167301	2
17	7167302	7184985	0
17	7184986	7191570	1
17	7191571	7191575	3
17	7191576	7197882	2
17	7197883	7210317	0
17	7210318	7214642	1
17	7214643	7215773	3
17	7215774	7218882	2
17	7218883	7218946	0
17	7218947	7232711	2
17	7232712	7239847	0
17	7239848	7254796	1
17	7254797	7255207	0
17	7255208	7258257	1
17	7258258	7258441	0
17	7258442	7260537	1
17	7260538	7283852	0
17	7283853	7293045	1
17	7293046	7293092	3
17	7293093	7307455	2
17	7307456	7308192	0
17	7308193	7323178	1
17	7323179	7323678	0
17	7323679	7324950	1
17	7324951	7328933	0
17	7328934	7330886	1
17	7330887	7338761	0
17	7338762	7340997	1
17	7340998	7341591	0
17	7341592	7348255	1
17	7348256	7348379	0
17	7348380	7361025	1
17	7361026	7362684	0
17	7362685	7384720	2
17	7384721	7386382	3
17	7386383	7387581	2
17	7387582	7387684	0
17	7387685	7417932	1
17	7417933	7452207	0
17	7452208	7464924	1
17	7464925	7465271	0
17	7465272	7475286	1
17	7475287	7476143	0
17	7476144	7482322	1
17	7482323	7482784	0
17	7482785	7485428	1
17	7485429	7486846	0
17	7486847	7491495	1
17	7491496	7491509	3
17	7491510	7492316	1
17	7492317	7493408	3
17	7493409	7494547	1
17	7494548	7495811	3
17	7495812	7496106	1
17	7496107	7517263	2
17	7517264	7517426	3
17	7517427	7518188	2
17	7518189	7529551	1
17	7529552	7531172	3
17	7531173	7536699	1
17	7536700	7549944	0
17	7549945	7561085	1
17	7561086	7565096	0
17	7565097	7589388	2
17	7589389	7590855	3
17	7590856	7606819	1
17	7606820	7608519	0
17	7608520	7614695	1
17	7614696	7620671	0
17	7620672	7737061	1
17	7737062	7743221	0
17	7743222	7758113	1
17	7758114	7758382	0
17	7758383	7759416	1
17	7759417	7760002	0
17	7760003	7761063	2
17	7761064	7761171	3
17	7761172	7761300	2
17	7761301	7761396	3
17	7761397	7788123	2
17	7788124	7788526	3
17	7788527	7816077	1
17	7816078	7825176	0
17	7825177	7832752	2
17	7832753	7833662	0
17	7833663	7835418	2
17	7835419	7835440	3
17	7835441	7852895	1
17	7852896	7905911	0
17	7905912	7923656	1
17	7923657	7942334	0
17	7942335	7952451	1
17	7952452	7975953	0
17	7975954	7982799	2
17	7982800	7984882	3
17	7984883	7991020	2
17	7991021	7999217	0
17	7999218	8022364	2
17	8022365	8023907	0
17	8023908	8027409	2
17	8027410	8043789	0
17	8043790	8066863	2
17	8066864	8076554	0
17	8076555	8079716	2
17	8079717	8091651	0
17	8091652	8093563	2
17	8093564	8108055	0
17	8108056	8113915	2
17	8113916	8131135	0
17	8131136	8150935	2
17	8150936	8151361	3
17	8151362	8173808	1
17	8173809	8191080	0
17	8191081	8191814	2
17	8191815	8193409	3
17	8193410	8198660	2
17	8198661	8213558	0
17	8213559	8225828	1
17	8225829	8243181	0
17	8243182	8249363	1
17	8249364	8261730	0
17	8261731	8263537	2
17	8263538	8271954	0
17	8271955	8280028	2
17	8280029	8280837	0
17	8280838	8286530	2
17	8286531	8294021	0
17	8294022	8301143	2
17	8301144	8316448	0
17	8316449	8377522	1
17	8377523	8383941	3
17	8383942	8393728	1
17	8393729	8534078	2
17	8534079	8633251	0
17	8633252	8648536	2
17	8648537	8656423	0
17	8656424	8661876	2
17	8661877	8700435	0
17	8700436	8702666	2
17	8702667	8706054	0
17	8706055	8770993	2
17	8770994	8782235	0
17	8782236	8869023	2
17	8869024	8924858	0
17	8924859	9147316	1
17	9147317	9153787	0
17	9153788	9479907	2
17	9479908	9479943	0
17	9479944	9546775	1
17	9546776	9548853	0
17	9548854	9633007	1
17	9633008	9674750	0
17	9674751	9694613	2
17	9694614	9705702	0
17	9705703	9725387	2
17	9725388	9725522	0
17	9725523	9795418	1
17	9795419	9799636	0
17	9799637	9808937	2
17	9808938	9813925	0
17	9813926	10048830	2
17	10048831	10050276	3
17	10050277	10101867	2
17	10101868	10201400	0
17	10201401	10276446	2
17	10276447	10293638	0
17	10293639	10325266	2
17	10325267	10346606	0
17	10346607	10372875	2
17	10372876	10395623	0
17	10395624	10421859	2
17	10421860	10424464	0
17	10424465	10453273	2
17	10453274	10531842	0
17	10531843	10560625	2
17	10560626	10583653	0
17	10583654	10600884	2
17	10600885	10600910	0
17	10600911	10602331	1
17	10602332	10614549	3
17	10614550	10633632	2
17	10633633	10725791	0
17	10725792	10741761	2
17	10741762	11144579	0
17	11144580	11467379	1
17	11467380	11501747	0
17	11501748	11873064	1
17	11873065	11880755	0
17	11880756	11900826	2
17	11900827	11924140	0
17	11924141	12047146	1
17	12047147	12569305	0
17	12569306	12672265	1
17	12672266	12692855	0
17	12692856	12894959	1
17	12894960	12895707	0
17	12895708	12921503	2
17	12921504	13399005	0
17	13399006	13505243	2
17	13505244	13972812	0
17	13972813	14111993	1
17	14111994	14138989	0
17	14138990	14140178	2
17	14140179	14204399	0
17	14204400	14252720	1
17	14252721	15133094	0
17	15133095	15168642	2
17	15168643	15207127	0
17	15207128	15244957	2
17	15244958	15339331	0
17	15339332	15466908	2
17	15466909	15468796	0
17	15468797	15587623	2
17	15587624	15602890	0
17	15602891	15648094	1
17	15648095	15848230	0
17	15848231	15879059	1
17	15879060	15879873	0
17	15879874	15902693	2
17	15902694	15903005	3
17	15903006	15932470	1
17	15932471	15948328	3
17	15948329	16120522	2
17	16120523	16121498	3
17	16121499	16245847	1
17	16245848	16252114	3
17	16252115	16256812	2
17	16256813	16284111	0
17	16284112	16286053	1
17	16286054	16318855	0
17	16318856	16340316	1
17	16340317	16345327	0
17	16345328	16395466	2
17	16395467	16454700	0
17	16454701	16472519	2
17	16472520	16524050	0
17	16524051	16557169	2
17	16557170	16593545	0
17	16593546	16707766	1
17	16707767	16832848	0
17	16832849	16875431	2
17	16875432	16945858	0
17	16945859	17104308	1
17	17104309	17109628	3
17	17109629	17115525	1
17	17115526	17120992	3
17	17120993	17140495	2
17	17140496	17150140	0
17	17150141	17184606	2
17	17184607	17206648	0
17	17206649	17250974	1
17	17250975	17380299	0
17	17380300	17396539	1
17	17396540	17397750	0
17	17397751	17399708	2
17	17399709	17408876	0
17	17408877	17495021	2
17	17495022	17584786	0
17	17584787	17714766	1
17	17714767	17715068	0
17	17715069	17740324	2
17	17740325	17746827	0
17	17746828	17875735	2
17	17875736	17876126	0
17	17876127	17919520	1
17	17919521	17920184	3
17	17920185	17920202	1
17	17920203	17942522	2
17	17942523	17942605	0
17	17942606	17971717	1
17	17971718	17991199	0
17	17991200	18011284	1
17	18011285	18012019	0
17	18012020	18083115	1
17	18083116	18086391	0
17	18086392	18113267	1
17	18113268	18128900	0
17	18128901	18148149	1
17	18148150	18148188	3
17	18148189	18162229	2
17	18162230	18163847	0
17	18163848	18169865	1
17	18169866	18176151	0
17	18176152	18218306	2
17	18218307	18218623	0
17	18218624	18226516	1
17	18226517	18231186	0
17	18231187	18266855	2
17	18266856	18280975	0
17	18280976	18292960	1
17	18292961	18380050	0
17	18380051	18398258	1
17	18398259	18427879	0
17	18427880	18430159	2
17	18430160	18538318	0
17	18538319	18547739	2
17	18547740	18561741	0
17	18561742	18585571	2
17	18585572	18601310	0
17	18601311	18639430	1
17	18639431	18647325	0
17	18647326	18682661	1
17	18682662	18684307	0
17	18684308	18710026	1
17	18710027	18743397	0
17	18743398	18834527	1
17	18834528	18853657	0
17	18853658	18872101	1
17	18872102	18908116	3
17	18908117	18923985	1
17	18923986	18925907	3
17	18925908	18950949	2
17	18950950	18996286	0
17	18996287	18999673	1
17	18999674	19030781	0
17	19030782	19041447	1
17	19041448	19041894	3
17	19041895	19059039	1
17	19059040	19062186	3
17	19062187	19062488	1
17	19062489	19118927	0
17	19118928	19240027	1
17	19240028	19240866	0
17	19240867	19281033	2
17	19281034	19281494	3
17	19281495	19286754	1
17	19286755	19286855	3
17	19286856	19286856	1
17	19286857	19290552	2
17	19290553	19314437	0
17	19314438	19320588	1
17	19320589	19436774	0
17	19436775	19482346	1
17	19482347	19551448	0
17	19551449	19580910	1
17	19580911	19581600	0
17	19581601	19620042	2
17	19620043	19641296	0
17	19641297	19652255	2
17	19652256	19674142	0
17	19674143	19771248	2
17	19771249	19807614	0
17	19807615	19881149	2
17	19881150	19912675	0
17	19912676	20222338	1
17	20222339	20352707	0
17	20352708	20370847	2
17	20370848	20483036	0
17	20483037	20484223	1
17	20484224	20766707	0
17	20766708	20799452	2
17	20799453	20902909	0
17	20902910	20947072	2
17	20947073	21026676	0
17	21026677	21096577	1
17	21096578	21100592	0
17	21100593	21117936	2
17	21117937	21142182	0
17	21142183	21156721	2
17	21156722	21187983	0
17	21187984	21218551	1
17	21218552	21279508	0
17	21279509	21323178	1
17	21323179	21431570	0
17	21431571	21454942	2
17	21454943	21729600	0
17	21729601	21731761	1
17	21731762	22022436	0
17	22022437	22023990	1
17	22023991	25621101	0
17	25621102	25640656	1
17	25640657	25783669	0
17	25783670	25953460	1
17	25953461	25956823	0
17	25956824	25976585	1
17	25976586	26083791	0
17	26083792	26220408	2
17	26220409	26369181	0
17	26369182	26523406	1
17	26523407	26638666	0
17	26638667	26642322	1
17	26642323	26646120	0
17	26646121	26655351	1
17	26655352	26655706	3
17	26655707	26662494	2
17	26662495	26662627	0
17	26662628	26673658	1
17	26673659	26674034	3
17	26674035	26684472	2
17	26684473	26684603	0
17	26684604	26691289	1
17	26691290	26692264	3
17	26692265	26694296	1
17	26694297	26697842	3
17	26697843	26721660	1
17	26721661	26728064	3
17	26728065	26734214	2
17	26734215	26800310	0
17	26800311	26824798	1
17	26824799	26833260	0
17	26833261	26865913	1
17	26865914	26873724	0
17	26873725	26879685	2
17	26879686	26880404	0
17	26880405	26898889	2
17	26898890	26900132	0
17	26900133	26904281	2
17	26904282	26904591	0
17	26904592	26941217	2
17	26941218	26941457	0
17	26941458	26972471	2
17	26972472	26975373	0
17	26975374	26989108	2
17	26989109	26989192	3
17	26989193	27029696	1
17	27029697	27030214	0
17	27030215	27038871	2
17	27038872	27041298	0
17	27041299	27045446	2
17	27045447	27046410	0
17	27046411	27051365	1
17	27051366	27051376	3
17	27051377	27052914	2
17	27052915	27053225	3
17	27053226	27054952	2
17	27054953	27070472	1
17	27070473	27071001	0
17	27071002	27077973	1
17	27077974	27082995	0
17	27082996	27181955	2
17	27181956	27182007	3
17	27182008	27182063	2
17	27182064	27182249	3
17	27182250	27188084	1
17	27188085	27206352	0
17	27206353	27224696	2
17	27224697	27224798	0
17	27224799	27230088	2
17	27230089	27232267	0
17	27232268	27278788	2
17	27278789	27281918	0
17	27281919	27333457	2
17	27333458	27369917	0
17	27369918	27384233	1
17	27384234	27400527	0
17	27400528	27507429	2
17	27507430	27573880	0
17	27573881	27581500	1
17	27581501	27582853	0
17	27582854	27621135	2
17	27621136	27717481	0
17	27717482	27878921	1
17	27878922	27887564	0
17	27887565	27894154	2
17	27894155	27894197	0
17	27894198	27900174	1
17	27900175	27900486	0
17	27900487	27916786	2
17	27916787	27921071	3
17	27921072	27941773	1
17	27941774	27941778	3
17	27941779	27949921	2
17	27949922	27952955	0
17	27952956	28256217	2
17	28256218	28257169	3
17	28257170	28257293	2
17	28257294	28435469	1
17	28435470	28443798	0
17	28443799	28513492	1
17	28513493	28521336	0
17	28521337	28563019	2
17	28563020	28575217	0
17	28575218	28619059	2
17	28619060	28643350	0
17	28643351	28661076	2
17	28661077	28705922	0
17	28705923	28797006	1
17	28797007	28804379	0
17	28804380	28854609	1
17	28854610	28884129	0
17	28884130	28890510	1
17	28890511	29099380	0
17	29099381	29151793	2
17	29151794	29158987	0
17	29158988	29222886	1
17	29222887	29226000	0
17	29226001	29233837	2
17	29233838	29248697	0
17	29248698	29286339	1
17	29286340	29297218	0
17	29297219	29326928	1
17	29326929	29421944	0
17	29421945	29621664	1
17	29621665	29624428	3
17	29624429	29630783	1
17	29630784	29641129	3
17	29641130	29644577	1
17	29644578	29648766	3
17	29648767	29708904	1
17	29708905	29718641	0
17	29718642	29865235	1
17	29865236	29898160	0
17	29898161	29902677	1
17	29902678	30178882	0
17	30178883	30186355	2
17	30186356	30187922	0
17	30187923	30228783	2
17	30228784	30264036	0
17	30264037	30328063	1
17	30328064	30334890	0
17	30334891	30380522	1
17	30380523	30468244	0
17	30468245	30469472	2
17	30469473	30470153	3
17	30470154	30506378	1
17	30506379	30506884	3
17	30506885	30580392	1
17	30580393	30593194	0
17	30593195	30651583	1
17	30651584	30651679	3
17	30651680	30677041	2
17	30677042	30677135	0
17	30677136	30708904	1
17	30708905	30771278	0
17	30771279	30810335	1
17	30810336	30813636	0
17	30813637	30818273	1
17	30818274	30819539	0
17	30819540	31204194	2
17	31204195	31254927	0
17	31254928	31272123	1
17	31272124	31297393	0
17	31297394	31324894	1
17	31324895	31340104	0
17	31340105	32484312	2
17	32484313	32581899	0
17	32581900	32582303	2
17	32582304	32582305	3
17	32582306	32584221	1
17	32584222	32597239	0
17	32597240	32599260	1
17	32599261	32612686	0
17	32612687	32615352	1
17	32615353	32646054	0
17	32646055	32648420	1
17	32648421	32683470	0
17	32683471	32685628	1
17	32685629	32687346	0
17	32687347	32690249	2
17	32690250	32901141	0
17	32901142	32906387	2
17	32906388	32907767	0
17	32907768	32966336	1
17	32966337	33254877	0
17	33254878	33288548	2
17	33288549	33290204	3
17	33290205	33307512	2
17	33307513	33308096	3
17	33308097	33332082	1
17	33332083	33333008	0
17	33333009	33448511	2
17	33448512	33448597	0
17	33448598	33455771	1
17	33455772	33457750	3
17	33457751	33469333	2
17	33469334	33474835	0
17	33474836	33516363	1
17	33516364	33519538	0
17	33519539	33521411	2
17	33521412	33570054	0
17	33570055	33600673	1
17	33600674	33677323	0
17	33677324	33700719	2
17	33700720	33738078	0
17	33738079	33760301	2
17	33760302	33762114	0
17	33762115	33775855	2
17	33775856	33800707	0
17	33800708	33864879	2
17	33864880	33875143	0
17	33875144	33885116	2
17	33885117	33901813	0
17	33901814	33905064	2
17	33905065	33905647	3
17	33905648	33905881	2
17	33905882	34053435	1
17	34053436	34058667	0
17	34058668	34070539	1
17	34070540	34071529	0
17	34071530	34079896	2
17	34079897	34083267	0
17	34083268	34087915	2
17	34087916	34091632	3
17	34091633	34095344	2
17	34095345	34105508	0
17	34105509	34122710	2
17	34122711	34136458	0
17	34136459	34181954	1
17	34181955	34191618	3
17	34191619	34195894	2
17	34195895	34198494	0
17	34198495	34207796	2
17	34207797	34245069	0
17	34245070	34257776	2
17	34257777	34261521	0
17	34261522	34270702	2
17	34270703	34303534	0
17	34303535	34308531	2
17	34308532	34310326	0
17	34310327	34312620	2
17	34312621	34314039	3
17	34314040	34329099	2
17	34329100	34340095	0
17	34340096	34345004	2
17	34345005	34391639	0
17	34391640	34399391	1
17	34399392	34415601	0
17	34415602	34417486	2
17	34417487	34430982	0
17	34430983	34433013	1
17	34433014	34493060	0
17	34493061	34503995	2
17	34503996	34522267	0
17	34522268	34524156	2
17	34524157	34538309	0
17	34538310	34540279	1
17	34540280	34580901	0
17	34580902	34639792	2
17	34639793	34641845	3
17	34641846	34808103	2
17	34808104	34842472	0
17	34842473	34851476	1
17	34851477	34851666	3
17	34851667	34855153	1
17	34855154	34890814	2
17	34890815	34890846	0
17	34890847	34895158	1
17	34895159	34900736	0
17	34900737	34946277	1
17	34946278	34948227	0
17	34948228	34957234	1
17	34957235	34958000	0
17	34958001	34965406	1
17	34965407	35294083	0
17	35294084	35301916	1
17	35301917	35306174	0
17	35306175	35414170	1
17	35414171	35441922	0
17	35441923	35732927	2
17	35732928	35749659	3
17	35749660	35766870	2
17	35766871	35766964	0
17	35766965	35839834	1
17	35839835	35849936	0
17	35849937	35873602	1
17	35873603	35874899	0
17	35874900	35969543	2
17	35969544	35969825	0
17	35969826	36003492	2
17	36003493	36046434	0
17	36046435	36105236	2
17	36105237	36283970	0
17	36283971	36294913	1
17	36294914	36337710	0
17	36337711	36421840	2
17	36421841	36452988	0
17	36452989	36479100	1
17	36479101	36481492	0
17	36481493	36499692	2
17	36499693	36508110	0
17	36508111	36556018	1
17	36556019	36584661	0
17	36584662	36668627	1
17	36668628	36686250	0
17	36686251	36762182	2
17	36762183	36827960	0
17	36827961	36831186	2
17	36831187	36861794	0
17	36861795	36884085	1
17	36884086	36884450	3
17	36884451	36886055	1
17	36886056	36886487	0
17	36886488	36890149	1
17	36890150	36891273	3
17	36891274	36905612	2
17	36905613	36906069	3
17	36906070	36906968	1
17	36906969	36908988	0
17	36908989	36920483	1
17	36920484	36921941	0
17	36921942	36956378	2
17	36956379	36956686	0
17	36956687	36981733	2
17	36981734	36991340	0
17	36991341	36997707	2
17	36997708	37004117	0
17	37004118	37010095	2
17	37010096	37026111	0
17	37026112	37078022	1
17	37078023	37092684	0
17	37092685	37123654	2
17	37123655	37219555	0
17	37219556	37310646	2
17	37310647	37313146	0
17	37313147	37323317	2
17	37323318	37329708	0
17	37329709	37353955	2
17	37353956	37356535	0
17	37356536	37360979	1
17	37360980	37366788	0
17	37366789	37382124	2
17	37382125	37415383	0
17	37415384	37558775	2
17	37558776	37560537	0
17	37560538	37607538	2
17	37607539	37617763	0
17	37617764	37691398	1
17	37691399	37761032	0
17	37761033	37764195	2
17	37764196	37782992	0
17	37782993	37792878	1
17	37792879	37793317	0
17	37793318	37819736	1
17	37819737	37820439	0
17	37820440	37822807	1
17	37822808	37824233	0
17	37824234	37826727	1
17	37826728	37827374	0
17	37827375	37844166	2
17	37844167	37844359	3
17	37844360	37844371	2
17	37844372	37853049	3
17	37853050	37884914	1
17	37884915	37885408	0
17	37885409	37887039	2
17	37887040	37894179	0
17	37894180	37903543	1
17	37903544	37921197	0
17	37921198	38020440	2
17	38020441	38024416	0
17	38024417	38034148	1
17	38034149	38060847	0
17	38060848	38074902	2
17	38074903	38077293	0
17	38077294	38083853	2
17	38083854	38097726	0
17	38097727	38100999	1
17	38101000	38119225	0
17	38119226	38134018	1
17	38134019	38137049	0
17	38137050	38154212	1
17	38154213	38171613	0
17	38171614	38174065	1
17	38174066	38175349	0
17	38175350	38214542	2
17	38214543	38217467	3
17	38217468	38249039	1
17	38249040	38249865	3
17	38249866	38250119	1
17	38250120	38256977	2
17	38256978	38278550	0
17	38278551	38293041	1
17	38293042	38296575	0
17	38296576	38328435	1
17	38328436	38333262	0
17	38333263	38351907	1
17	38351908	38375555	0
17	38375556	38440387	1
17	38440388	38443884	0
17	38443885	38459170	1
17	38459171	38465443	0
17	38465444	38513093	1
17	38513094	38516906	0
17	38516907	38517234	1
17	38517235	38520066	3
17	38520067	38520944	1
17	38520945	38544767	0
17	38544768	38574201	2
17	38574202	38599701	0
17	38599702	38613982	1
17	38613983	38632079	0
17	38632080	38657848	2
17	38657849	38710020	0
17	38710021	38721723	2
17	38721724	38781213	0
17	38781214	38804759	2
17	38804760	38812481	0
17	38812482	38821392	2
17	38821393	38854242	0
17	38854243	38860001	2
17	38860002	38904272	0
17	38904273	38911583	2
17	38911584	38922489	0
17	38922490	38928413	2
17	38928414	38933059	0
17	38933060	38938785	2
17	38938786	38948454	0
17	38948455	38956210	2
17	38956211	38974368	0
17	38974369	38975357	2
17	38975358	38978846	3
17	38978847	38992521	1
17	38992522	39017554	0
17	39017555	39023461	2
17	39023462	39032192	0
17	39032193	39041478	2
17	39041479	39078947	0
17	39078948	39093737	2
17	39093738	39114668	0
17	39114669	39123143	2
17	39123144	39133967	0
17	39133968	39143386	2
17	39143387	39149685	0
17	39149686	39150384	2
17	39150385	39155446	0
17	39155447	39156137	2
17	39156138	39164775	0
17	39164776	39165365	2
17	39165366	39182277	0
17	39182278	39183453	2
17	39183454	39185948	0
17	39185949	39186355	2
17	39186356	39190141	0
17	39190142	39191106	2
17	39191107	39196810	0
17	39196811	39197712	2
17	39197713	39202792	0
17	39202793	39203567	2
17	39203568	39210749	0
17	39210750	39211481	2
17	39211482	39215494	0
17	39215495	39216343	2
17	39216344	39221368	0
17	39221369	39222130	2
17	39222131	39240458	0
17	39240459	39241395	1
17	39241396	39253232	0
17	39253233	39254392	2
17	39254393	39257753	0
17	39257754	39258460	2
17	39258461	39261583	0
17	39261584	39262739	1
17	39262740	39273432	0
17	39273433	39274605	2
17	39274606	39279342	0
17	39279343	39280418	2
17	39280419	39295684	0
17	39295685	39296738	2
17	39296739	39305177	0
17	39305178	39306053	2
17	39306054	39315909	0
17	39315910	39316982	2
17	39316983	39323483	0
17	39323484	39324423	2
17	39324424	39333697	0
17	39333698	39334459	2
17	39334460	39340353	0
17	39340354	39341593	2
17	39341594	39344696	0
17	39344697	39346890	1
17	39346891	39382899	0
17	39382900	39383903	1
17	39383904	39388714	0
17	39388715	39389704	1
17	39389705	39394296	0
17	39394297	39395255	1
17	39395256	39405938	0
17	39405939	39406903	1
17	39406904	39411635	0
17	39411636	39412615	1
17	39412616	39421590	0
17	39421591	39422892	1
17	39422893	39431910	0
17	39431911	39432948	1
17	39432949	39458077	0
17	39458078	39459102	2
17	39459103	39463951	0
17	39463952	39465504	2
17	39465505	39471172	0
17	39471173	39471946	2
17	39471947	39502343	0
17	39502344	39507063	2
17	39507064	39519745	0
17	39519746	39526051	2
17	39526052	39533901	0
17	39533902	39538654	2
17	39538655	39549975	0
17	39549976	39553843	2
17	39553844	39577004	0
17	39577005	39580774	2
17	39580775	39592697	0
17	39592698	39597172	2
17	39597173	39616062	0
17	39616063	39623680	2
17	39623681	39632940	0
17	39632941	39637391	2
17	39637392	39642387	0
17	39642388	39648797	2
17	39648798	39657232	0
17	39657233	39661956	2
17	39661957	39669994	0
17	39669995	39678780	2
17	39678781	39679868	0
17	39679869	39684559	2
17	39684560	39722095	0
17	39722096	39728309	2
17	39728310	39738530	0
17	39738531	39743172	2
17	39743173	39766029	0
17	39766030	39772150	2
17	39772151	39775688	0
17	39775689	39845138	2
17	39845139	39847463	3
17	39847464	39868577	2
17	39868578	39872220	3
17	39872221	39943182	2
17	39943183	39958198	0
17	39958199	39968855	2
17	39968856	39968931	0
17	39968932	39979464	1
17	39979465	39981334	0
17	39981335	39991936	2
17	39991937	39992522	3
17	39992523	40004635	1
17	40004636	40009796	0
17	40009797	40021683	2
17	40021684	40023160	0
17	40023161	40086794	2
17	40086795	40118758	0
17	40118759	40128450	1
17	40128451	40129748	3
17	40129749	40163399	2
17	40163400	40169670	3
17	40169671	40172068	2
17	40172069	40173393	3
17	40173394	40177658	1
17	40177659	40179035	0
17	40179036	40215074	2
17	40215075	40253421	0
17	40253422	40264750	2
17	40264751	40265125	0
17	40265126	40274755	2
17	40274756	40275370	3
17	40275371	40307034	2
17	40307035	40308908	0
17	40308909	40333295	2
17	40333296	40336077	0
17	40336078	40337469	2
17	40337470	40340816	0
17	40340817	40346519	2
17	40346520	40351185	0
17	40351186	40428724	2
17	40428725	40439564	0
17	40439565	40463960	1
17	40463961	40465341	0
17	40465342	40540585	2
17	40540586	40554469	0
17	40554470	40575534	2
17	40575535	40610861	0
17	40610862	40674628	1
17	40674629	40688189	0
17	40688190	40696466	1
17	40696467	40701231	0
17	40701232	40707230	1
17	40707231	40714091	0
17	40714092	40718294	1
17	40718295	40719085	0
17	40719086	40724332	1
17	40724333	40725256	3
17	40725257	40729848	2
17	40729849	40731532	0
17	40731533	40761693	2
17	40761694	40762640	3
17	40762641	40767251	1
17	40767252	40811322	0
17	40811323	40819023	1
17	40819024	40819931	0
17	40819932	40829047	2
17	40829048	40830906	0
17	40830907	40834630	2
17	40834631	40835081	3
17	40835082	40835934	2
17	40835935	40851831	1
17	40851832	40852292	0
17	40852293	40897070	2
17	40897071	40912792	0
17	40912793	40915058	1
17	40915059	40925453	0
17	40925454	40931616	1
17	40931617	40932695	0
17	40932696	40948953	1
17	40948954	40949651	0
17	40949652	40950721	2
17	40950722	40950809	0
17	40950810	40962151	1
17	40962152	40962652	3
17	40962653	40976442	2
17	40976443	40985366	3
17	40985367	40995773	1
17	40995774	40996616	0
17	40996617	41002723	1
17	41002724	41003200	0
17	41003201	41010146	1
17	41010147	41052813	0
17	41052814	41065385	1
17	41065386	41102542	0
17	41102543	41132544	2
17	41132545	41132581	0
17	41132582	41145706	1
17	41145707	41150289	0
17	41150290	41154975	1
17	41154976	41158741	0
17	41158742	41166472	1
17	41166473	41166621	0
17	41166622	41177139	2
17	41177140	41177257	0
17	41177258	41184056	1
17	41184057	41196311	0
17	41196312	41277499	2
17	41277500	41322497	0
17	41322498	41363707	1
17	41363708	41363853	0
17	41363854	41372060	1
17	41372061	41476326	0
17	41476327	41478504	1
17	41478505	41561330	0
17	41561331	41605211	1
17	41605212	41621830	3
17	41621831	41656987	2
17	41656988	41717755	0
17	41717756	41739321	2
17	41739322	41831098	0
17	41831099	41836155	2
17	41836156	41843488	0
17	41843489	41856355	2
17	41856356	41857802	0
17	41857803	41864979	1
17	41864980	41878166	0
17	41878167	41910537	2
17	41910538	41924515	0
17	41924516	41940996	1
17	41940997	41952724	0
17	41952725	41987067	2
17	41987068	41994575	0
17	41994576	41995325	1
17	41995326	42015730	0
17	42015731	42016326	1
17	42016327	42018171	0
17	42018172	42019835	2
17	42019836	42030105	0
17	42030106	42081836	2
17	42081837	42081913	0
17	42081914	42086427	1
17	42086428	42088555	0
17	42088556	42100518	2
17	42100519	42112002	0
17	42112003	42144986	2
17	42144987	42148102	0
17	42148103	42153708	1
17	42153709	42154113	0
17	42154114	42201069	2
17	42201070	42219273	0
17	42219274	42239843	1
17	42239844	42247814	0
17	42247815	42256450	1
17	42256451	42264337	0
17	42264338	42269098	1
17	42269099	42269172	0
17	42269173	42277219	2
17	42277220	42282400	0
17	42282401	42298993	2
17	42298994	42325752	0
17	42325753	42335296	2
17	42335297	42345508	3
17	42345509	42355824	1
17	42355825	42385926	0
17	42385927	42396038	1
17	42396039	42396992	0
17	42396993	42402237	2
17	42402238	42422629	0
17	42422630	42430469	1
17	42430470	42430582	0
17	42430583	42441242	2
17	42441243	42449547	0
17	42449548	42466872	2
17	42466873	42474783	0
17	42474784	42580797	2
17	42580798	42634924	0
17	42634925	42636906	1
17	42636907	42733761	0
17	42733762	42750436	1
17	42750437	42753166	3
17	42753167	42767146	2
17	42767147	42785975	0
17	42785976	42829631	1
17	42829632	42836398	0
17	42836399	42859213	1
17	42859214	42875815	0
17	42875816	42908183	2
17	42908184	42923720	0
17	42923721	42927310	1
17	42927311	42927843	3
17	42927844	42927847	1
17	42927848	42976509	2
17	42976510	42977029	3
17	42977030	42982757	1
17	42982758	42982993	0
17	42982994	42994304	2
17	42994305	43002076	0
17	43002077	43025081	2
17	43025082	43037060	0
17	43037061	43045438	2
17	43045439	43100707	0
17	43100708	43128977	2
17	43128978	43138385	3
17	43138386	43138472	2
17	43138473	43186383	1
17	43186384	43189008	0
17	43189009	43209966	2
17	43209967	43210720	3
17	43210721	43221547	1
17	43221548	43224683	0
17	43224684	43229467	1
17	43229468	43238066	0
17	43238067	43247406	1
17	43247407	43299155	0
17	43299156	43324686	1
17	43324687	43331759	0
17	43331760	43339478	2
17	43339479	43471274	0
17	43471275	43511786	2
17	43511787	43513265	0
17	43513266	43568109	2
17	43568110	43699266	0
17	43699267	43913193	1
17	43913194	43922255	0
17	43922256	43924437	1
17	43924438	43971747	0
17	43971748	44105699	1
17	44105700	44107281	0
17	44107282	44302732	2
17	44302733	44352149	0
17	44352150	44370098	2
17	44370099	44415157	3
17	44415158	44439129	2
17	44439130	44588876	0
17	44588877	44594067	1
17	44594068	44633015	3
17	44633016	44657087	2
17	44657088	44668034	0
17	44668035	44834829	1
17	44834830	44839871	0
17	44839872	44896125	2
17	44896126	44910566	0
17	44910567	44964095	1
17	44964096	45000482	0
17	45000483	45055522	1
17	45055523	45056613	3
17	45056614	45105002	1
17	45105003	45195068	0
17	45195069	45266631	2
17	45266632	45286400	0
17	45286401	45301044	1
17	45301045	45331211	0
17	45331212	45518677	1
17	45518678	45600307	0
17	45600308	45700641	1
17	45700642	45726841	0
17	45726842	45762870	1
17	45762871	45771446	0
17	45771447	45789415	1
17	45789416	45810609	0
17	45810610	45823484	1
17	45823485	45884737	0
17	45884738	45899199	2
17	45899200	45900637	0
17	45900638	45908899	2
17	45908900	45908992	0
17	45908993	45915057	1
17	45915058	45915078	3
17	45915079	45918698	2
17	45918699	45922278	0
17	45922279	45933239	2
17	45933240	45973515	0
17	45973516	46006322	1
17	46006323	46018871	0
17	46018872	46025653	1
17	46025654	46029332	0
17	46029333	46035243	2
17	46035244	46045175	0
17	46045176	46059137	1
17	46059138	46103532	0
17	46103533	46115391	2
17	46115392	46125690	0
17	46125691	46138848	1
17	46138849	46147413	0
17	46147414	46178882	2
17	46178883	46180718	0
17	46180719	46200435	1
17	46200436	46210801	0
17	46210802	46507580	2
17	46507581	46605887	0
17	46605888	46608358	2
17	46608359	46620016	0
17	46620017	46623440	2
17	46623441	46626231	0
17	46626232	46667633	2
17	46667634	46668618	0
17	46668619	46671322	2
17	46671323	46671638	0
17	46671639	46682353	2
17	46682354	46684593	0
17	46684594	46688378	2
17	46688379	46688738	0
17	46688739	46692477	2
17	46692478	46698517	0
17	46698518	46703838	2
17	46703839	46799083	0
17	46799084	46799883	2
17	46799884	46802124	0
17	46802125	46806539	2
17	46806540	46839596	0
17	46839597	46894575	2
17	46894576	46908349	0
17	46908350	46942606	1
17	46942607	46970126	0
17	46970127	46973232	1
17	46973233	46985730	0
17	46985731	47006417	1
17	47006418	47006677	0
17	47006678	47022478	2
17	47022479	47035915	0
17	47035916	47045957	2
17	47045958	47074773	0
17	47074774	47133011	1
17	47133012	47209821	0
17	47209822	47247350	1
17	47247351	47280152	0
17	47280153	47287588	2
17	47287589	47287935	3
17	47287936	47300586	1
17	47300587	47300723	0
17	47300724	47308127	2
17	47308128	47371926	0
17	47371927	47439834	2
17	47439835	47448101	0
17	47448102	47481413	1
17	47481414	47492241	3
17	47492242	47554349	1
17	47554350	47572654	0
17	47572655	47592378	1
17	47592379	47653219	0
17	47653220	47659651	1
17	47659652	47676245	0
17	47676246	47755595	2
17	47755596	47778304	0
17	47778305	47786375	2
17	47786376	47787693	0
17	47787694	47865916	2
17	47865917	47865953	3
17	47865954	47906457	1
17	47906458	47915670	0
17	47915671	47925378	2
17	47925379	48046537	0
17	48046538	48052320	1
17	48052321	48067368	0
17	48067369	48072587	2
17	48072588	48133338	0
17	48133339	48167844	1
17	48167845	48172100	0
17	48172101	48187403	1
17	48187404	48188421	3
17	48188422	48188672	1
17	48188673	48189515	3
17	48189516	48207245	2
17	48207246	48211103	0
17	48211104	48227876	2
17	48227877	48243365	0
17	48243366	48253291	1
17	48253292	48260649	0
17	48260650	48278992	2
17	48278993	48348766	0
17	48348767	48358843	1
17	48358844	48423452	0
17	48423453	48440498	1
17	48440499	48445217	0
17	48445218	48450574	2
17	48450575	48450580	0
17	48450581	48452419	1
17	48452420	48458843	3
17	48458844	48474913	2
17	48474914	48503518	0
17	48503519	48541856	1
17	48541857	48542785	3
17	48542786	48552197	1
17	48552198	48556160	0
17	48556161	48563335	1
17	48563336	48585744	0
17	48585745	48608861	1
17	48608862	48609903	0
17	48609904	48621110	1
17	48621111	48624449	0
17	48624450	48633212	1
17	48633213	48638428	0
17	48638429	48704834	1
17	48704835	48712137	0
17	48712138	48769612	1
17	48769613	48770550	0
17	48770551	48785284	2
17	48785285	48796904	0
17	48796905	48833573	1
17	48833574	48912010	0
17	48912011	48919708	1
17	48919709	48939583	0
17	48939584	48945338	2
17	48945339	49039534	0
17	49039535	49198225	2
17	49198226	49230896	0
17	49230897	49249107	1
17	49249108	49254785	0
17	49254786	49337426	2
17	49337427	49337888	0
17	49337889	49375296	1
17	49375297	49707673	0
17	49707674	50237376	2
17	50237377	50939480	0
17	50939481	50976947	1
17	50976948	51062879	0
17	51062880	51065011	1
17	51065012	51900238	0
17	51900239	51902572	1
17	51902573	52976747	0
17	52976748	53038566	1
17	53038567	53039309	3
17	53039310	53046125	2
17	53046126	53046145	3
17	53046146	53241645	1
17	53241646	53342372	0
17	53342373	53402425	1
17	53402426	53469973	0
17	53469974	53499352	2
17	53499353	53796987	0
17	53796988	53809481	2
17	53809482	53828339	0
17	53828340	53900450	1
17	53900451	54230835	0
17	54230836	54589019	1
17	54589020	54671059	0
17	54671060	54672950	1
17	54672951	54869273	0
17	54869274	54911256	2
17	54911257	54911459	0
17	54911460	54946035	1
17	54946036	54965269	0
17	54965270	54991398	2
17	54991399	55015547	0
17	55015548	55038414	2
17	55038415	55055465	0
17	55055466	55084123	1
17	55084124	55162452	0
17	55162453	55198709	1
17	55198710	55333211	0
17	55333212	55762045	1
17	55762046	55821841	0
17	55821842	55822672	2
17	55822673	55916841	0
17	55916842	55927416	2
17	55927417	55938603	0
17	55938604	56032683	2
17	56032684	56048909	0
17	56048910	56065619	2
17	56065620	56066398	0
17	56066399	56084706	2
17	56084707	56160775	0
17	56160776	56172896	1
17	56172897	56232493	0
17	56232494	56233516	1
17	56233517	56247016	0
17	56247017	56247939	1
17	56247940	56270097	0
17	56270098	56282534	1
17	56282535	56282802	0
17	56282803	56295908	2
17	56295909	56296665	3
17	56296666	56296965	2
17	56296966	56345878	1
17	56345879	56347216	0
17	56347217	56358295	2
17	56358296	56378591	0
17	56378592	56406151	2
17	56406152	56422538	0
17	56422539	56494942	2
17	56494943	56497527	0
17	56497528	56565744	2
17	56565745	56566897	0
17	56566898	56595265	2
17	56595266	56597610	0
17	56597611	56618178	2
17	56618179	56618947	0
17	56618948	56621728	2
17	56621729	56634038	0
17	56634039	56769415	2
17	56769416	56769933	0
17	56769934	56811702	1
17	56811703	56833229	0
17	56833230	57058982	1
17	57058983	57059998	0
17	57059999	57184281	2
17	57184282	57187311	0
17	57187312	57232629	2
17	57232630	57232859	0
17	57232860	57292607	1
17	57292608	57297833	0
17	57297834	57352865	1
17	57352866	57409062	0
17	57409063	57479089	1
17	57479090	57642885	0
17	57642886	57685705	1
17	57685706	57697218	0
17	57697219	57773670	1
17	57773671	57774666	0
17	57774667	57784825	2
17	57784826	57784958	3
17	57784959	57784986	2
17	57784987	57918452	1
17	57918453	57936850	0
17	57936851	57970295	2
17	57970296	57970490	0
17	57970491	58029600	1
17	58029601	58042079	3
17	58042080	58050461	1
17	58050462	58120554	0
17	58120555	58156291	2
17	58156292	58227296	0
17	58227297	58236906	1
17	58236907	58256454	0
17	58256455	58469789	2
17	58469790	58499830	3
17	58499831	58508781	1
17	58508782	58520519	0
17	58520520	58603579	2
17	58603580	58641907	0
17	58641908	58663983	1
17	58663984	58677543	0
17	58677544	58741848	1
17	58741849	58754813	0
17	58754814	59470198	1
17	59470199	59477256	0
17	59477257	59486785	1
17	59486786	59489111	0
17	59489112	59490640	1
17	59490641	59529764	0
17	59529765	59562470	1
17	59562471	59667793	0
17	59667794	59668562	2
17	59668563	59758626	0
17	59758627	59940881	2
17	59940882	59942730	0
17	59942731	60005376	2
17	60005377	60019965	0
17	60019966	60142642	2
17	60142643	60447578	0
17	60447579	60493836	1
17	60493837	60501227	0
17	60501228	60527453	1
17	60527454	60536018	0
17	60536019	60691024	1
17	60691025	60704761	0
17	60704762	60770957	1
17	60770958	60778674	0
17	60778675	60885704	2
17	60885705	61086916	0
17	61086917	61505059	1
17	61505060	61509664	0
17	61509665	61523738	2
17	61523739	61554421	0
17	61554422	61599204	1
17	61599205	61600694	0
17	61600695	61626337	1
17	61626338	61627821	0
17	61627822	61671638	1
17	61671639	61678230	0
17	61678231	61685724	1
17	61685725	61699774	0
17	61699775	61773261	1
17	61773262	61773662	3
17	61773663	61778531	2
17	61778532	61780191	0
17	61780192	61819329	2
17	61819330	61822609	0
17	61822610	61850962	2
17	61850963	61851134	3
17	61851135	61851222	2
17	61851223	61853710	3
17	61853711	61896676	1
17	61896677	61896792	0
17	61896793	61904511	2
17	61904512	61905030	3
17	61905031	61909378	1
17	61909379	61909443	0
17	61909444	61920424	2
17	61920425	61949371	0
17	61949372	61951125	2
17	61951126	61957577	0
17	61957578	61959294	2
17	61959295	61972274	0
17	61972275	61974012	2
17	61974013	61986956	0
17	61986957	61996197	2
17	61996198	62006099	0
17	62006100	62009713	2
17	62009714	62015913	0
17	62015914	62050277	2
17	62050278	62075710	0
17	62075711	62079953	1
17	62079954	62081663	3
17	62081664	62097993	2
17	62097994	62116501	0
17	62116502	62208178	2
17	62208179	62224586	0
17	62224587	62340660	2
17	62340661	62461568	0
17	62461569	62464759	1
17	62464760	62473901	0
17	62473902	62493153	2
17	62493154	62495733	0
17	62495734	62502705	2
17	62502706	62502848	3
17	62502849	62503092	2
17	62503093	62503647	3
17	62503648	62538578	1
17	62538579	62541482	0
17	62541483	62658185	2
17	62658186	62850429	0
17	62850430	62915597	2
17	62915598	63006832	0
17	63006833	63052956	2
17	63052957	63133565	0
17	63133566	63223820	1
17	63223821	63524680	0
17	63524681	63557764	2
17	63557765	63631655	0
17	63631656	64188196	2
17	64188197	64208150	0
17	64208151	64252642	2
17	64252643	64298943	0
17	64298944	64806860	1
17	64806861	64831234	0
17	64831235	64881602	1
17	64881603	64961025	0
17	64961026	65029513	1
17	65029514	65040705	0
17	65040706	65052908	1
17	65052909	65066553	0
17	65066554	65242104	2
17	65242105	65334031	0
17	65334032	65362742	2
17	65362743	65373574	0
17	65373575	65693371	1
17	65693372	65713948	0
17	65713949	65740646	1
17	65740647	65821639	0
17	65821640	65980493	1
17	65980494	65987216	0
17	65987217	65989764	2
17	65989765	66031634	0
17	66031635	66042957	1
17	66042958	66243714	0
17	66243715	66253296	1
17	66253297	66255322	0
17	66255323	66263166	1
17	66263167	66287256	3
17	66287257	66417422	1
17	66417423	66418871	3
17	66418872	66453619	2
17	66453620	66507920	0
17	66507921	66533011	1
17	66533012	66547459	3
17	66547460	66597529	2
17	66597530	66863432	0
17	66863433	66951491	2
17	66951492	66970628	0
17	66970629	67057204	2
17	67057205	67074842	0
17	67074843	67138028	2
17	67138029	67143354	0
17	67143355	67323384	2
17	67323385	67410838	0
17	67410839	67539471	1
17	67539472	68049569	0
17	68049570	68131748	1
17	68131749	68164813	0
17	68164814	68176188	1
17	68176189	70036163	0
17	70036164	70036871	1
17	70036872	70117160	0
17	70117161	70122560	1
17	70122561	70642087	0
17	70642088	71088850	2
17	71088851	71161150	0
17	71161151	71167184	1
17	71167185	71189128	0
17	71189129	71203491	1
17	71203492	71204645	3
17	71204646	71228371	2
17	71228372	71228505	3
17	71228506	71228532	2
17	71228533	71244587	1
17	71244588	71245012	3
17	71245013	71245090	1
17	71245091	71258490	2
17	71258491	71279762	0
17	71279763	71308313	2
17	71308314	71330522	0
17	71330523	71640227	2
17	71640228	72199720	0
17	72199721	72206793	1
17	72206794	72209652	0
17	72209653	72258154	1
17	72258155	72270385	0
17	72270386	72311022	1
17	72311023	72322348	0
17	72322349	72346905	1
17	72346906	72348270	3
17	72348271	72351958	1
17	72351959	72352554	0
17	72352555	72358084	2
17	72358085	72363596	0
17	72363597	72368738	1
17	72368739	72420989	0
17	72420990	72447791	1
17	72447792	72462554	0
17	72462555	72480932	1
17	72480933	72517312	0
17	72517313	72527612	2
17	72527613	72537246	0
17	72537247	72542281	2
17	72542282	72575503	0
17	72575504	72580817	2
17	72580818	72588299	3
17	72588300	72588421	2
17	72588422	72590347	1
17	72590348	72606025	0
17	72606026	72619896	2
17	72619897	72666716	0
17	72666717	72690451	1
17	72690452	72701393	3
17	72701394	72743473	1
17	72743474	72744790	0
17	72744791	72765491	1
17	72765492	72766685	0
17	72766686	72772503	2
17	72772504	72772621	0
17	72772622	72835917	1
17	72835918	72838161	0
17	72838162	72856657	2
17	72856658	72858618	0
17	72858619	72869155	2
17	72869156	72873427	0
17	72873428	72889707	2
17	72889708	72912175	0
17	72912176	72919350	2
17	72919351	72920369	0
17	72920370	72930006	1
17	72930007	72931896	0
17	72931897	72946082	1
17	72946083	72946838	0
17	72946839	72968865	2
17	72968866	72983726	0
17	72983727	73001894	1
17	73001895	73008764	0
17	73008765	73017355	1
17	73017356	73028706	0
17	73028707	73034957	1
17	73034958	73043057	3
17	73043058	73061978	1
17	73061979	73083821	0
17	73083822	73102256	1
17	73102257	73106046	0
17	73106047	73126319	1
17	73126320	73126359	3
17	73126360	73127889	2
17	73127890	73131342	0
17	73131343	73179077	2
17	73179078	73201753	0
17	73201754	73231852	1
17	73231853	73232693	0
17	73232694	73257754	2
17	73257755	73257884	3
17	73257885	73257992	2
17	73257993	73258441	3
17	73258442	73258443	2
17	73258444	73262308	1
17	73262309	73262453	3
17	73262454	73267307	2
17	73267308	73269072	0
17	73269073	73285590	2
17	73285591	73314156	0
17	73314157	73401789	2
17	73401790	73437239	0
17	73437240	73496162	1
17	73496163	73496341	0
17	73496342	73511663	2
17	73511664	73512140	0
17	73512141	73520819	1
17	73520820	73521160	0
17	73521161	73571288	1
17	73571289	73586857	0
17	73586858	73588571	1
17	73588572	73592570	0
17	73592571	73597580	1
17	73597581	73598597	0
17	73598598	73609187	1
17	73609188	73622933	0
17	73622934	73629513	2
17	73629514	73637483	3
17	73637484	73642322	2
17	73642323	73644054	3
17	73644055	73663195	2
17	73663196	73663268	3
17	73663269	73704138	1
17	73704139	73717407	0
17	73717408	73747674	1
17	73747675	73753684	3
17	73753685	73753898	1
17	73753899	73761791	2
17	73761792	73772514	0
17	73772515	73780680	2
17	73780681	73781566	3
17	73781567	73821885	1
17	73821886	73823305	0
17	73823306	73840797	2
17	73840798	73841779	0
17	73841780	73852587	2
17	73852588	73870241	0
17	73870242	73874655	2
17	73874656	73876415	0
17	73876416	73893083	2
17	73893084	73894723	0
17	73894724	73937118	2
17	73937119	73937587	0
17	73937588	73975300	2
17	73975301	73975443	3
17	73975444	73975514	2
17	73975515	73996666	1
17	73996667	73996986	0
17	73996987	74000582	1
17	74000583	74002077	3
17	74002078	74002079	1
17	74002080	74023532	2
17	74023533	74035183	0
17	74035184	74068733	2
17	74068734	74070874	0
17	74070875	74073621	1
17	74073622	74075262	0
17	74075263	74077086	1
17	74077087	74078746	3
17	74078747	74117656	2
17	74117657	74132413	0
17	74132414	74137379	2
17	74137380	74138533	0
17	74138534	74236453	2
17	74236454	74261282	0
17	74261283	74267374	1
17	74267375	74270129	0
17	74270130	74303760	2
17	74303761	74305566	0
17	74305567	74372664	2
17	74372665	74380601	3
17	74380602	74383940	1
17	74383941	74385531	0
17	74385532	74449287	2
17	74449288	74449432	0
17	74449433	74466198	1
17	74466199	74466975	0
17	74466976	74497871	2
17	74497872	74523437	0
17	74523438	74536114	2
17	74536115	74539919	3
17	74539920	74547256	2
17	74547257	74561460	0
17	74561461	74582209	2
17	74582210	74620844	0
17	74620845	74639919	2
17	74639920	74668632	0
17	74668633	74707097	2
17	74707098	74708918	0
17	74708919	74722760	2
17	74722761	74722911	0
17	74722912	74730196	1
17	74730197	74733414	3
17	74733415	74777530	1
17	74777531	74864537	0
17	74864538	74946463	1
17	74946464	75084830	0
17	75084831	75213178	1
17	75213179	75276650	0
17	75276651	75496677	1
17	75496678	75875108	0
17	75875109	75878658	2
17	75878659	76000248	0
17	76000249	76104915	1
17	76104916	76106538	0
17	76106539	76126850	2
17	76126851	76127675	3
17	76127676	76128487	2
17	76128488	76139048	1
17	76139049	76142433	0
17	76142434	76162257	1
17	76162258	76164638	0
17	76164639	76169607	1
17	76169608	76170159	0
17	76170160	76183313	2
17	76183314	76183397	0
17	76183398	76203781	1
17	76203782	76210266	0
17	76210267	76210461	1
17	76210462	76220739	3
17	76220740	76221716	1
17	76221717	76227390	0
17	76227391	76237067	1
17	76237068	76352863	0
17	76352864	76356157	2
17	76356158	76374720	0
17	76374721	76419777	1
17	76419778	76420634	3
17	76420635	76422408	2
17	76422409	76422833	3
17	76422834	76494910	2
17	76494911	76499137	3
17	76499138	76573475	2
17	76573476	76670129	0
17	76670130	76778378	2
17	76778379	76783462	0
17	76783463	76837522	2
17	76837523	76849058	0
17	76849059	76921468	2
17	76921469	76967319	0
17	76967320	76976190	2
17	76976191	76987798	0
17	76987799	77005948	2
17	77005949	77015290	0
17	77015291	77018895	2
17	77018896	77023682	3
17	77023683	77023736	2
17	77023737	77045869	1
17	77045870	77071020	0
17	77071021	77082777	1
17	77082778	77085426	0
17	77085427	77613549	2
17	77613550	77704680	0
17	77704681	77716020	1
17	77716021	77751930	0
17	77751931	77761781	1
17	77761782	77765930	0
17	77765931	77775331	2
17	77775332	77806954	0
17	77806955	77813227	2
17	77813228	77906141	0
17	77906142	78009646	2
17	78009647	78010434	0
17	78010435	78074411	1
17	78074412	78075354	0
17	78075355	78093677	1
17	78093678	78109012	0
17	78109013	78120981	2
17	78120982	78143790	0
17	78143791	78181454	1
17	78181455	78183129	3
17	78183130	78193497	2
17	78193498	78194198	3
17	78194199	78194225	2
17	78194226	78194721	3
17	78194722	78227298	1
17	78227299	78234664	0
17	78234665	78372585	1
17	78372586	78388966	0
17	78388967	78411885	1
17	78411886	78440947	0
17	78440948	78450403	2
17	78450404	78518618	0
17	78518619	78940167	1
17	78940168	78965397	0
17	78965398	78983316	1
17	78983317	79008949	0
17	79008950	79091094	1
17	79091095	79091231	3
17	79091232	79139816	2
17	79139817	79163392	0
17	79163393	79196798	2
17	79196799	79202076	0
17	79202077	79212890	2
17	79212891	79213038	0
17	79213039	79215080	1
17	79215081	79218799	0
17	79218800	79269346	2
17	79269347	79285073	0
17	79285074	79304473	2
17	79304474	79369274	0
17	79369275	79433356	1
17	79433357	79476996	0
17	79476997	79490872	2
17	79490873	79495421	0
17	79495422	79504155	1
17	79504156	79506910	0
17	79506911	79520986	2
17	79520987	79523912	0
17	79523913	79604171	2
17	79604172	79609348	0
17	79609349	79615778	1
17	79615779	79617488	0
17	79617489	79630141	2
17	79630142	79632065	0
17	79632066	79633393	2
17	79633394	79633617	3
17	79633618	79633624	2
17	79633625	79640928	1
17	79640929	79648203	0
17	79648204	79650355	2
17	79650356	79650953	3
17	79650954	79669148	1
17	79669149	79670386	0
17	79670387	79688041	1
17	79688042	79762009	0
17	79762010	79771888	1
17	79771889	79780286	0
17	79780287	79791177	2
17	79791178	79791367	0
17	79791368	79792925	2
17	79792926	79801034	0
17	79801035	79818569	2
17	79818570	79825596	0
17	79825597	79829281	2
17	79829282	79845712	0
17	79845713	79848665	2
17	79848666	79849461	3
17	79849462	79858840	1
17	79858841	79858866	3
17	79858867	79860773	1
17	79860774	79869339	2
17	79869340	79869814	0
17	79869815	79885589	2
17	79885590	79890259	0
17	79890260	79905108	2
17	79905109	79910387	0
17	79910388	79919715	2
17	79919716	79934682	0
17	79934683	79975281	1
17	79975282	79976577	0
17	79976578	79981177	2
17	79981178	79981982	3
17	79981983	79989026	1
17	79989027	79989499	0
17	79989500	79992077	1
17	79992078	79993011	0
17	79993012	79995607	2
17	79995608	80005777	0
17	80005778	80008823	2
17	80008824	80009649	3
17	80009650	80015345	1
17	80015346	80015381	0
17	80015382	80023762	2
17	80023763	80036213	0
17	80036214	80056207	2
17	80056208	80059345	0
17	80059346	80170688	2
17	80170689	80186272	0
17	80186273	80197602	1
17	80197603	80197961	3
17	80197962	80200542	1
17	80200543	80219004	3
17	80219005	80231606	2
17	80231607	80272743	0
17	80272744	80275477	2
17	80275478	80278899	0
17	80278900	80291949	2
17	80291950	80317122	0
17	80317123	80321651	1
17	80321652	80332152	0
17	80332153	80333461	1
17	80333462	80347098	0
17	80347099	80376193	2
17	80376194	80376512	3
17	80376513	80400464	1
17	80400465	80400520	3
17	80400521	80408704	2
17	80408705	80416055	0
17	80416056	80448412	1
17	80448413	80477590	0
17	80477591	80562482	1
17	80562483	80572437	0
17	80572438	80606410	2
17	80606411	80612848	0
17	80612849	80656603	2
17	80656604	80674558	0
17	80674559	80685892	1
17	80685893	80693450	0
17	80693451	80709072	1
17	80709073	80709939	0
17	80709940	80787310	1
17	80787311	80798453	3
17	80798454	80900723	1
17	80900724	80901666	0
17	80901667	81009685	2
17	81009686	81037566	0
17	81037567	81052863	1
