<CHROM>	<START>	<END>	<TSB>
19	0	107470	0
19	107471	111695	1
19	111696	281039	0
19	281040	291392	2
19	291393	305574	0
19	305575	344792	2
19	344793	361749	0
19	361750	376012	2
19	376013	405437	0
19	405438	409138	2
19	409139	416582	0
19	416583	460995	2
19	460996	463345	0
19	463346	474982	2
19	474983	489175	0
19	489176	505346	1
19	505347	507298	0
19	507299	519653	1
19	519654	531713	0
19	531714	542091	1
19	542092	544033	0
19	544034	549918	1
19	549919	571296	0
19	571297	583492	1
19	583493	589892	0
19	589893	617158	1
19	617159	617222	0
19	617223	633596	2
19	633597	639894	0
19	639895	643702	1
19	643703	647525	0
19	647526	663276	2
19	663277	676391	0
19	676392	683384	1
19	683385	685520	0
19	685521	695459	2
19	695460	708952	0
19	708953	748328	1
19	748329	751125	0
19	751126	764318	1
19	764319	797074	0
19	797075	812326	1
19	812327	812517	0
19	812518	821966	2
19	821967	827825	0
19	827826	832016	1
19	832017	840962	0
19	840963	848174	1
19	848175	851013	0
19	851014	856241	1
19	856242	859452	0
19	859453	863452	1
19	863453	867961	0
19	867962	893217	2
19	893218	896502	0
19	896503	913239	2
19	913240	917286	0
19	917287	921014	1
19	921015	925999	0
19	926000	975938	1
19	975939	984330	0
19	984331	994568	1
19	994569	999600	0
19	999601	999951	1
19	999952	1000417	0
19	1000418	1009646	1
19	1009647	1009730	3
19	1009731	1021116	2
19	1021117	1026297	0
19	1026298	1039067	1
19	1039068	1040101	0
19	1040102	1065567	1
19	1065568	1065921	0
19	1065922	1086626	1
19	1086627	1086874	0
19	1086875	1095597	2
19	1095598	1103935	0
19	1103936	1106786	1
19	1106787	1107635	0
19	1107636	1174281	2
19	1174282	1205739	0
19	1205740	1228285	1
19	1228286	1228427	3
19	1228428	1238025	2
19	1238026	1241748	0
19	1241749	1244823	1
19	1244824	1248551	0
19	1248552	1259141	1
19	1259142	1259383	0
19	1259384	1274808	1
19	1274809	1275025	0
19	1275026	1279226	1
19	1279227	1285889	0
19	1285890	1378429	1
19	1378430	1383525	0
19	1383526	1395582	1
19	1395583	1397090	0
19	1397091	1401568	2
19	1401569	1407567	0
19	1407568	1435718	1
19	1435719	1438357	0
19	1438358	1440582	1
19	1440583	1440837	0
19	1440838	1441936	1
19	1441937	1446299	0
19	1446300	1461141	1
19	1461142	1473242	3
19	1473243	1479554	2
19	1479555	1481426	0
19	1481427	1490406	2
19	1490407	1491164	0
19	1491165	1497925	1
19	1497926	1505016	0
19	1505017	1513187	2
19	1513188	1524072	0
19	1524073	1535454	1
19	1535455	1554667	0
19	1554668	1568056	2
19	1568057	1576638	0
19	1576639	1592881	2
19	1592882	1597170	0
19	1597171	1605479	2
19	1605480	1609292	0
19	1609293	1652603	2
19	1652604	1752371	0
19	1752372	1780986	1
19	1780987	1782073	0
19	1782074	1812274	2
19	1812275	1815247	0
19	1815248	1848451	2
19	1848452	1852399	0
19	1852400	1863566	2
19	1863567	1876808	0
19	1876809	1885545	2
19	1885546	1905212	0
19	1905213	1926015	1
19	1926016	1941187	0
19	1941188	1981336	1
19	1981337	1985446	0
19	1985447	2015718	2
19	2015719	2037469	0
19	2037470	2051242	2
19	2051243	2071036	0
19	2071037	2096379	2
19	2096380	2096477	3
19	2096478	2096671	2
19	2096672	2099585	1
19	2099586	2100992	0
19	2100993	2151564	2
19	2151565	2164147	0
19	2164148	2230001	1
19	2230002	2232576	3
19	2232577	2236519	2
19	2236520	2237702	3
19	2237703	2248677	1
19	2248678	2249307	0
19	2249308	2252071	1
19	2252072	2252250	0
19	2252251	2269484	2
19	2269485	2269757	3
19	2269758	2273486	1
19	2273487	2274630	0
19	2274631	2282174	2
19	2282175	2289773	0
19	2289774	2308155	2
19	2308156	2321515	0
19	2321516	2328618	2
19	2328619	2389783	0
19	2389784	2425621	1
19	2425622	2426236	3
19	2426237	2427891	2
19	2427892	2428163	0
19	2428164	2456993	2
19	2456994	2476124	0
19	2476125	2478256	1
19	2478257	2511216	0
19	2511217	2702706	2
19	2702707	2714564	0
19	2714565	2740149	2
19	2740150	2754711	0
19	2754712	2783368	2
19	2783369	2785457	0
19	2785458	2813598	1
19	2813599	2819871	0
19	2819872	2835770	1
19	2835771	2841432	0
19	2841433	2860481	1
19	2860482	2867332	0
19	2867333	2878514	1
19	2878515	2900895	0
19	2900896	2918473	1
19	2918474	2933215	0
19	2933216	2944930	2
19	2944931	2977443	0
19	2977444	2995176	1
19	2995177	2997635	0
19	2997636	3047632	2
19	3047633	3052907	0
19	3052908	3063104	2
19	3063105	3094407	0
19	3094408	3124001	1
19	3124002	3136190	0
19	3136191	3163766	1
19	3163767	3178735	0
19	3178736	3180328	1
19	3180329	3185560	0
19	3185561	3209572	1
19	3209573	3224700	0
19	3224701	3297073	1
19	3297074	3359560	0
19	3359561	3469214	1
19	3469215	3474404	0
19	3474405	3480539	2
19	3480540	3490818	0
19	3490819	3500937	2
19	3500938	3506270	0
19	3506271	3538258	1
19	3538259	3538327	3
19	3538328	3539151	2
19	3539152	3544027	3
19	3544028	3572774	2
19	3572775	3573626	3
19	3573627	3579085	1
19	3579086	3585550	0
19	3585551	3593538	1
19	3593539	3594503	0
19	3594504	3606837	2
19	3606838	3610638	0
19	3610639	3626812	2
19	3626813	3630180	0
19	3630181	3700476	2
19	3700477	3708106	0
19	3708107	3750810	1
19	3750811	3750877	0
19	3750878	3761696	2
19	3761697	3762661	0
19	3762662	3768572	1
19	3768573	3769086	0
19	3769087	3772232	2
19	3772233	3777970	0
19	3777971	3802126	2
19	3802127	3804021	0
19	3804022	3869029	2
19	3869030	3879861	0
19	3879862	3928076	1
19	3928077	3933100	0
19	3933101	3942413	1
19	3942414	3958450	0
19	3958451	3971120	2
19	3971121	3976053	0
19	3976054	3985466	2
19	3985467	4007643	0
19	4007644	4039383	1
19	4039384	4041126	0
19	4041127	4043153	2
19	4043154	4044361	0
19	4044362	4066942	2
19	4066943	4090318	0
19	4090319	4124125	2
19	4124126	4153597	0
19	4153598	4173050	1
19	4173051	4174105	0
19	4174106	4182600	2
19	4182601	4183350	0
19	4183351	4224810	1
19	4224811	4229494	0
19	4229495	4237527	1
19	4237528	4247075	0
19	4247076	4269086	1
19	4269087	4278597	0
19	4278598	4290720	1
19	4290721	4292228	0
19	4292229	4302427	2
19	4302428	4304596	0
19	4304597	4323832	1
19	4323833	4324039	0
19	4324040	4338873	2
19	4338874	4343523	0
19	4343524	4360082	1
19	4360083	4360366	0
19	4360367	4400543	2
19	4400544	4402658	0
19	4402659	4444995	1
19	4444996	4445014	3
19	4445015	4457818	2
19	4457819	4472283	0
19	4472284	4502203	1
19	4502204	4502222	3
19	4502223	4517715	2
19	4517716	4522542	0
19	4522543	4535235	2
19	4535236	4536420	0
19	4536421	4540485	2
19	4540486	4542599	0
19	4542600	4559819	2
19	4559820	4639529	0
19	4639530	4641385	1
19	4641386	4655579	3
19	4655580	4670381	2
19	4670382	4675235	0
19	4675236	4724684	2
19	4724685	4791727	0
19	4791728	4795570	1
19	4795571	4815943	0
19	4815944	4831715	2
19	4831716	4838352	0
19	4838353	4867779	2
19	4867780	4890448	0
19	4890449	4902878	2
19	4902879	4969124	0
19	4969125	5153605	1
19	5153606	5205518	0
19	5205519	5340813	2
19	5340814	5455425	0
19	5455426	5456866	1
19	5456867	5587009	0
19	5587010	5623109	2
19	5623110	5624056	3
19	5624057	5668488	1
19	5668489	5674957	0
19	5674958	5678432	1
19	5678433	5680906	3
19	5680907	5691844	1
19	5691845	5691886	3
19	5691887	5720582	2
19	5720583	5720687	0
19	5720688	5778744	1
19	5778745	5782970	0
19	5782971	5791248	2
19	5791249	5823812	0
19	5823813	5828334	1
19	5828335	5830620	0
19	5830621	5839741	2
19	5839742	5842898	0
19	5842899	5851484	2
19	5851485	5865836	0
19	5865837	5903797	2
19	5903798	5904868	0
19	5904869	5910863	1
19	5910864	5911717	0
19	5911718	5915887	1
19	5915888	5916149	0
19	5916150	5978152	2
19	5978153	5993174	0
19	5993175	6135257	2
19	6135258	6151807	3
19	6151808	6199539	2
19	6199540	6212965	0
19	6212966	6279958	2
19	6279959	6306152	0
19	6306153	6333639	2
19	6333640	6361462	0
19	6361463	6368918	1
19	6368919	6372443	0
19	6372444	6375041	1
19	6375042	6375158	0
19	6375159	6379068	2
19	6379069	6379579	0
19	6379580	6393991	2
19	6393992	6413358	0
19	6413359	6424804	2
19	6424805	6426049	0
19	6426050	6433772	2
19	6433773	6436089	0
19	6436090	6463787	2
19	6463788	6465213	3
19	6465214	6467217	1
19	6467218	6467231	3
19	6467232	6482567	2
19	6482568	6494329	0
19	6494330	6502858	2
19	6502859	6531009	0
19	6531010	6535930	1
19	6535931	6583193	0
19	6583194	6604113	2
19	6604114	6663147	0
19	6663148	6670598	2
19	6670599	6677714	0
19	6677715	6737613	2
19	6737614	6737935	0
19	6737936	6751536	1
19	6751537	6752175	0
19	6752176	6767598	2
19	6767599	6772724	0
19	6772725	6857376	1
19	6857377	6887576	0
19	6887577	6940469	1
19	6940470	7011513	0
19	7011514	7013337	1
19	7013338	7030588	0
19	7030589	7033021	1
19	7033022	7037758	0
19	7037759	7040189	2
19	7040190	7049331	0
19	7049332	7051745	1
19	7051746	7056219	0
19	7056220	7058650	2
19	7058651	7069454	0
19	7069455	7087978	1
19	7087979	7112265	0
19	7112266	7294044	2
19	7294045	7413847	0
19	7413848	7537362	1
19	7537363	7541760	0
19	7541761	7557861	2
19	7557862	7562334	3
19	7562335	7585911	1
19	7585912	7587511	0
19	7587512	7626649	1
19	7626650	7660787	0
19	7660788	7683189	1
19	7683190	7684410	0
19	7684411	7694450	2
19	7694451	7694622	0
19	7694623	7696496	1
19	7696497	7696841	3
19	7696842	7698633	2
19	7698634	7701766	0
19	7701767	7712758	1
19	7712759	7733929	0
19	7733930	7735333	1
19	7735334	7741513	0
19	7741514	7747743	1
19	7747744	7753643	0
19	7753644	7767031	2
19	7767032	7793842	0
19	7793843	7798791	2
19	7798792	7804878	0
19	7804879	7812463	2
19	7812464	7828034	0
19	7828035	7834490	1
19	7834491	7895118	0
19	7895119	7929861	1
19	7929862	7933604	0
19	7933605	7939325	2
19	7939326	7953389	0
19	7953390	7963688	1
19	7963689	7966900	3
19	7966901	7968426	2
19	7968427	7968727	0
19	7968728	7979362	1
19	7979363	7981029	0
19	7981030	7983981	1
19	7983982	7985200	0
19	7985201	7988134	1
19	7988135	7989371	0
19	7989372	7991050	2
19	7991051	7991605	0
19	7991606	8008804	2
19	8008805	8023462	0
19	8023463	8070542	2
19	8070543	8117650	0
19	8117651	8127529	1
19	8127530	8130285	0
19	8130286	8214729	2
19	8214730	8271619	0
19	8271620	8327304	1
19	8327305	8367010	0
19	8367011	8373238	2
19	8373239	8376167	0
19	8376168	8386279	2
19	8386280	8386383	0
19	8386384	8387467	1
19	8387468	8388223	3
19	8388224	8408145	2
19	8408146	8428172	0
19	8428173	8439256	1
19	8439257	8454864	0
19	8454865	8469317	1
19	8469318	8478153	0
19	8478154	8503900	1
19	8503901	8509650	0
19	8509651	8553997	1
19	8553998	8554939	0
19	8554940	8567995	2
19	8567996	8575461	0
19	8575462	8579043	2
19	8579044	8585673	0
19	8585674	8642460	2
19	8642461	8645125	0
19	8645126	8675584	2
19	8675585	8807750	0
19	8807751	8809171	2
19	8809172	8841315	0
19	8841316	8842370	1
19	8842371	8920379	0
19	8920380	8943003	2
19	8943004	8943073	0
19	8943074	8954015	1
19	8954016	8959519	0
19	8959520	9092017	2
19	9092018	9203854	0
19	9203855	9204888	1
19	9204889	9212944	0
19	9212945	9213981	2
19	9213982	9225273	0
19	9225274	9226438	2
19	9226439	9236687	0
19	9236688	9237625	2
19	9237626	9251055	0
19	9251056	9274099	1
19	9274100	9296278	0
19	9296279	9299492	1
19	9299493	9324525	0
19	9324526	9325541	2
19	9325542	9361605	0
19	9361606	9362819	1
19	9362820	9404950	0
19	9404951	9420248	2
19	9420249	9434447	0
19	9434448	9493292	1
19	9493293	9523271	0
19	9523272	9546233	2
19	9546234	9577182	0
19	9577183	9609282	2
19	9609283	9638666	0
19	9638667	9649302	2
19	9649303	9676403	0
19	9676404	9695208	2
19	9695209	9718007	0
19	9718008	9732074	2
19	9732075	9732180	0
19	9732181	9756164	1
19	9756165	9759329	0
19	9759330	9785775	2
19	9785776	9800599	0
19	9800600	9811451	2
19	9811452	9862815	0
19	9862816	9903772	2
19	9903773	9920942	0
19	9920943	9938491	2
19	9938492	9938567	0
19	9938568	9940790	1
19	9940791	9945998	0
19	9945999	9960357	1
19	9960358	9964393	0
19	9964394	10047227	2
19	10047228	10070236	0
19	10070237	10121146	2
19	10121147	10123924	0
19	10123925	10132954	1
19	10132955	10196805	0
19	10196806	10203013	1
19	10203014	10203920	3
19	10203921	10213471	2
19	10213472	10216898	0
19	10216899	10225692	1
19	10225693	10226047	3
19	10226048	10230577	2
19	10230578	10244021	0
19	10244022	10341961	2
19	10341962	10362576	0
19	10362577	10370720	1
19	10370721	10381510	0
19	10381511	10397290	1
19	10397291	10397642	0
19	10397643	10399197	1
19	10399198	10400656	0
19	10400657	10407453	1
19	10407454	10415478	0
19	10415479	10426690	2
19	10426691	10426887	0
19	10426888	10444315	2
19	10444316	10444451	0
19	10444452	10450498	2
19	10450499	10461208	0
19	10461209	10491351	2
19	10491352	10501809	0
19	10501810	10527448	2
19	10527449	10530796	3
19	10530797	10580304	1
19	10580305	10596795	0
19	10596796	10614416	2
19	10614417	10623622	0
19	10623623	10628606	2
19	10628607	10654593	0
19	10654594	10663760	1
19	10663761	10664093	3
19	10664094	10676712	2
19	10676713	10677137	0
19	10677138	10679734	2
19	10679735	10683346	0
19	10683347	10697990	2
19	10697991	10713132	0
19	10713133	10755234	1
19	10755235	10764936	0
19	10764937	10803092	1
19	10803093	10812126	0
19	10812127	10824040	1
19	10824041	10828754	0
19	10828755	10943113	1
19	10943114	10944163	3
19	10944164	10946993	2
19	10946994	10947250	0
19	10947251	10980465	1
19	10980466	10982188	0
19	10982189	11033443	1
19	11033444	11033447	3
19	11033448	11039356	2
19	11039357	11039408	0
19	11039409	11040929	1
19	11040930	11071597	0
19	11071598	11176070	1
19	11176071	11200037	0
19	11200038	11242195	1
19	11242196	11242838	3
19	11242839	11244491	1
19	11244492	11266483	2
19	11266484	11274942	0
19	11274943	11308242	2
19	11308243	11309970	0
19	11309971	11348177	2
19	11348178	11352493	3
19	11352494	11373127	2
19	11373128	11406823	0
19	11406824	11432721	1
19	11432722	11437671	3
19	11437672	11455976	2
19	11455977	11456945	3
19	11456946	11457180	2
19	11457181	11457193	3
19	11457194	11465619	1
19	11465620	11466061	0
19	11466062	11476373	1
19	11476374	11485360	0
19	11485361	11487626	1
19	11487627	11488235	0
19	11488236	11494987	2
19	11494988	11504732	0
19	11504733	11530017	2
19	11530018	11531271	0
19	11531272	11546108	2
19	11546109	11546602	3
19	11546603	11561782	1
19	11561783	11562140	0
19	11562141	11591847	2
19	11591848	11594241	0
19	11594242	11639988	2
19	11639989	11649531	0
19	11649532	11661137	1
19	11661138	11661961	0
19	11661962	11670050	2
19	11670051	11670262	0
19	11670263	11685474	1
19	11685475	11689799	3
19	11689800	11729949	1
19	11729950	11832079	0
19	11832080	11849823	2
19	11849824	11877906	0
19	11877907	11894892	1
19	11894893	11909344	0
19	11909345	11918907	1
19	11918908	11925098	0
19	11925099	11946015	1
19	11946016	11959575	0
19	11959576	11980305	1
19	11980306	11998598	0
19	11998599	12025143	1
19	12025144	12035882	0
19	12035883	12091195	1
19	12091196	12125546	0
19	12125547	12146555	2
19	12146556	12154619	0
19	12154620	12167126	2
19	12167127	12175513	0
19	12175514	12192379	1
19	12192380	12203077	0
19	12203078	12203657	1
19	12203658	12225490	3
19	12225491	12225665	1
19	12225666	12267545	2
19	12267546	12273878	0
19	12273879	12300063	1
19	12300064	12358091	0
19	12358092	12361617	2
19	12361618	12382626	0
19	12382627	12405701	2
19	12405702	12428290	0
19	12428291	12444533	2
19	12444534	12460184	0
19	12460185	12476718	2
19	12476719	12500829	0
19	12500830	12551925	2
19	12551926	12571997	0
19	12571998	12662355	2
19	12662356	12688774	0
19	12688775	12721616	2
19	12721617	12721731	0
19	12721732	12742734	1
19	12742735	12757326	0
19	12757327	12777613	2
19	12777614	12780210	3
19	12780211	12786530	1
19	12786531	12786645	3
19	12786646	12792715	2
19	12792716	12799120	0
19	12799121	12807456	2
19	12807457	12810007	0
19	12810008	12834824	2
19	12834825	12841453	0
19	12841454	12845588	2
19	12845589	12847952	0
19	12847953	12859136	1
19	12859137	12862515	0
19	12862516	12869271	1
19	12869272	12873816	0
19	12873817	12889270	2
19	12889271	12902309	0
19	12902310	12904123	1
19	12904124	12907633	0
19	12907634	12912693	2
19	12912694	12917393	0
19	12917394	12924450	1
19	12924451	12936291	0
19	12936292	12944764	2
19	12944765	12945389	3
19	12945390	12946241	2
19	12946242	12985764	1
19	12985765	12986024	0
19	12986025	12992281	2
19	12992282	12995236	0
19	12995237	12997994	2
19	12997995	13001839	0
19	13001840	13009599	1
19	13009600	13010782	3
19	13010783	13025020	1
19	13025021	13030089	2
19	13030090	13033292	0
19	13033293	13044850	2
19	13044851	13049420	0
19	13049421	13055302	1
19	13055303	13056668	0
19	13056669	13064455	1
19	13064456	13064971	0
19	13064972	13068049	2
19	13068050	13075972	0
19	13075973	13085566	1
19	13085567	13106421	0
19	13106422	13209609	1
19	13209610	13209846	0
19	13209847	13213974	2
19	13213975	13215715	0
19	13215716	13228380	2
19	13228381	13228916	0
19	13228917	13251954	1
19	13251955	13254871	0
19	13254872	13261196	2
19	13261197	13261228	0
19	13261229	13265721	1
19	13265722	13317255	0
19	13317256	13734803	2
19	13734804	13842573	0
19	13842574	13874109	1
19	13874110	13875345	0
19	13875346	13889275	1
19	13889276	13890883	0
19	13890884	13900971	2
19	13900972	13906273	0
19	13906274	13943043	1
19	13943044	13988060	0
19	13988061	13991570	1
19	13991571	13993160	0
19	13993161	14017013	2
19	14017014	14017264	3
19	14017265	14041691	1
19	14041692	14041999	0
19	14042000	14063303	2
19	14063304	14064192	3
19	14064193	14064203	2
19	14064204	14072253	1
19	14072254	14072349	0
19	14072350	14117096	2
19	14117097	14138959	0
19	14138960	14141853	1
19	14141854	14142559	0
19	14142560	14163742	1
19	14163743	14164176	0
19	14164177	14169970	2
19	14169971	14183347	0
19	14183348	14185873	1
19	14185874	14192430	0
19	14192431	14196600	2
19	14196601	14198651	0
19	14198652	14201847	2
19	14201848	14202499	0
19	14202500	14228895	2
19	14228896	14230320	0
19	14230321	14247767	2
19	14247768	14260749	0
19	14260750	14316998	2
19	14316999	14491967	0
19	14491968	14519536	1
19	14519537	14519662	0
19	14519663	14530178	2
19	14530179	14543864	0
19	14543865	14582677	1
19	14582678	14583277	0
19	14583278	14586173	2
19	14586174	14588571	0
19	14588572	14606943	2
19	14606944	14625581	0
19	14625582	14640371	2
19	14640372	14640581	3
19	14640582	14676791	1
19	14676792	14676889	0
19	14676890	14682873	2
19	14682874	14693895	0
19	14693896	14721968	1
19	14721969	14729928	0
19	14729929	14800710	2
19	14800711	14800838	3
19	14800839	14843204	1
19	14843205	14844557	3
19	14844558	14889352	2
19	14889353	14909957	0
19	14909958	14911022	2
19	14911023	14938082	0
19	14938083	14945959	2
19	14945960	14951759	0
19	14951760	14952688	2
19	14952689	14991137	0
19	14991138	14992263	2
19	14992264	15052300	0
19	15052301	15053259	1
19	15053260	15060845	0
19	15060846	15121555	2
19	15121556	15133801	3
19	15133802	15134080	1
19	15134081	15160194	0
19	15160195	15169103	1
19	15169104	15197790	0
19	15197791	15199031	1
19	15199032	15218213	0
19	15218214	15225797	1
19	15225798	15225798	3
19	15225799	15236595	2
19	15236596	15270443	0
19	15270444	15311791	2
19	15311792	15337729	0
19	15337730	15344245	2
19	15344246	15347646	0
19	15347647	15443355	2
19	15443356	15464195	0
19	15464196	15490602	2
19	15490603	15490858	0
19	15490859	15529951	2
19	15529952	15532318	0
19	15532319	15560761	2
19	15560762	15562434	0
19	15562435	15575381	2
19	15575382	15579455	0
19	15579456	15609766	2
19	15609767	15619303	0
19	15619304	15663127	1
19	15663128	15751706	0
19	15751707	15773634	1
19	15773635	15783566	0
19	15783567	15807983	1
19	15807984	15838833	0
19	15838834	15839861	1
19	15839862	15852202	0
19	15852203	15853152	1
19	15853153	15904760	0
19	15904761	15905891	1
19	15905892	15917816	0
19	15917817	15918935	2
19	15918936	15988832	0
19	15988833	16008929	2
19	16008930	16023176	0
19	16023177	16045676	2
19	16045677	16059817	0
19	16059818	16060767	1
19	16060768	16177830	0
19	16177831	16213812	1
19	16213813	16222438	0
19	16222439	16269385	1
19	16269386	16272178	0
19	16272179	16284335	2
19	16284336	16296190	0
19	16296191	16302856	1
19	16302857	16308388	0
19	16308389	16346159	1
19	16346160	16435627	0
19	16435628	16438684	1
19	16438685	16466049	0
19	16466050	16582895	2
19	16582896	16589867	0
19	16589868	16607002	2
19	16607003	16607121	0
19	16607122	16628699	1
19	16628700	16632160	3
19	16632161	16653340	2
19	16653341	16660641	0
19	16660642	16683192	2
19	16683193	16685729	0
19	16685730	16770967	2
19	16770968	16771937	0
19	16771938	16800839	1
19	16800840	16830790	0
19	16830791	16928773	1
19	16928774	16940210	0
19	16940211	16991163	1
19	16991164	16999670	0
19	16999671	17003416	1
19	17003417	17003757	0
19	17003758	17137624	2
19	17137625	17160538	0
19	17160539	17186434	2
19	17186435	17186590	0
19	17186591	17325345	1
19	17325346	17326154	0
19	17326155	17330637	1
19	17330638	17337012	0
19	17337013	17340027	1
19	17340028	17342691	0
19	17342692	17378158	2
19	17378159	17390145	3
19	17390146	17392453	2
19	17392454	17393594	3
19	17393595	17398454	1
19	17398455	17402939	0
19	17402940	17403417	2
19	17403418	17414281	3
19	17414282	17417463	1
19	17417464	17420339	2
19	17420340	17421044	3
19	17421045	17434031	1
19	17434032	17434109	3
19	17434110	17445637	2
19	17445638	17445728	0
19	17445729	17453543	1
19	17453544	17462256	0
19	17462257	17488158	2
19	17488159	17513747	0
19	17513748	17516456	2
19	17516457	17516530	0
19	17516531	17544532	1
19	17544533	17546317	0
19	17546318	17571762	2
19	17571763	17579577	0
19	17579578	17616976	1
19	17616977	17622437	0
19	17622438	17632096	1
19	17632097	17634109	0
19	17634110	17664647	1
19	17664648	17666402	0
19	17666403	17693967	1
19	17693968	17712136	0
19	17712137	17799400	2
19	17799401	17830050	0
19	17830051	17845324	1
19	17845325	17858526	0
19	17858527	17899376	1
19	17899377	17905636	0
19	17905637	17923890	1
19	17923891	17927320	0
19	17927321	17932382	2
19	17932383	17935594	0
19	17935595	17958840	2
19	17958841	17970684	0
19	17970685	17974961	1
19	17974962	17982781	0
19	17982782	18005982	1
19	18005983	18043824	0
19	18043825	18054799	1
19	18054800	18062101	0
19	18062102	18110888	1
19	18110889	18111940	0
19	18111941	18124910	1
19	18124911	18169804	0
19	18169805	18208602	2
19	18208603	18209753	3
19	18209754	18262501	1
19	18262502	18263927	0
19	18263928	18281349	1
19	18281350	18283971	0
19	18283972	18288926	1
19	18288927	18303991	0
19	18303992	18307551	1
19	18307552	18307593	0
19	18307594	18314883	2
19	18314884	18318770	0
19	18318771	18366228	2
19	18366229	18367907	0
19	18367908	18385318	2
19	18385319	18390562	0
19	18390563	18392431	2
19	18392432	18417039	0
19	18417040	18434083	2
19	18434084	18451396	0
19	18451397	18480759	1
19	18480760	18485540	0
19	18485541	18499985	1
19	18499986	18501953	0
19	18501954	18508426	2
19	18508427	18529673	0
19	18529674	18545197	1
19	18545198	18545371	3
19	18545372	18549110	2
19	18549111	18553472	0
19	18553473	18632936	2
19	18632937	18642560	0
19	18642561	18654886	2
19	18654887	18668571	0
19	18668572	18680196	1
19	18680197	18682539	0
19	18682540	18688359	1
19	18688360	18699534	0
19	18699535	18703145	1
19	18703146	18704046	0
19	18704047	18717659	2
19	18717660	18718239	0
19	18718240	18731848	1
19	18731849	18747774	0
19	18747775	18781308	1
19	18781309	18794486	0
19	18794487	18893003	1
19	18893004	18893582	0
19	18893583	18902122	2
19	18902123	18942746	0
19	18942747	18979044	1
19	18979045	18979360	0
19	18979361	19007535	2
19	19007536	19010322	0
19	19010323	19030205	2
19	19030206	19030483	0
19	19030484	19039435	1
19	19039436	19040009	0
19	19040010	19052069	2
19	19052070	19101701	0
19	19101702	19144383	2
19	19144384	19144831	3
19	19144832	19170562	1
19	19170563	19174807	0
19	19174808	19223696	1
19	19223697	19229977	0
19	19229978	19249321	2
19	19249322	19256375	0
19	19256376	19303007	2
19	19303008	19303399	3
19	19303400	19312224	1
19	19312225	19312677	3
19	19312678	19314232	2
19	19314233	19322781	0
19	19322782	19363041	1
19	19363042	19366449	0
19	19366450	19373604	2
19	19373605	19375174	0
19	19375175	19384096	2
19	19384097	19387319	0
19	19387320	19431489	2
19	19431490	19431652	3
19	19431653	19469562	1
19	19469563	19496634	0
19	19496635	19619739	1
19	19619740	19623229	0
19	19623230	19626563	2
19	19626564	19626837	3
19	19626838	19648389	1
19	19648390	19649056	0
19	19649057	19657467	1
19	19657468	19672521	0
19	19672522	19729724	2
19	19729725	19734476	0
19	19734477	19739738	2
19	19739739	19740284	0
19	19740285	19754475	2
19	19754476	19756008	0
19	19756009	19774501	2
19	19774502	19779604	0
19	19779605	19794314	1
19	19794315	19821279	0
19	19821280	19843905	2
19	19843906	19897195	0
19	19897196	19932559	2
19	19932560	19976694	0
19	19976695	20005482	1
19	20005483	20011736	0
19	20011737	20046383	1
19	20046384	20047768	0
19	20047769	20048638	2
19	20048639	20107866	0
19	20107867	20150314	2
19	20150315	20188829	0
19	20188830	20230560	1
19	20230561	20278036	0
19	20278037	20311298	1
19	20311299	20718630	0
19	20718631	20748614	2
19	20748615	20802866	0
19	20802867	20844401	2
19	20844402	20959109	0
19	20959110	20991921	1
19	20991922	21106027	0
19	21106028	21133502	1
19	21133503	21203425	0
19	21203426	21242855	1
19	21242856	21264964	0
19	21264965	21308072	1
19	21308073	21324826	0
19	21324827	21373033	1
19	21373034	21473961	0
19	21473962	21512211	2
19	21512212	21541731	0
19	21541732	21562103	1
19	21562104	21579920	0
19	21579921	21610374	1
19	21610375	21688365	0
19	21688366	21739071	1
19	21739072	21905567	0
19	21905568	21950429	2
19	21950430	21987751	0
19	21987752	22034926	2
19	22034927	22115759	0
19	22115760	22193750	2
19	22193751	22235285	0
19	22235286	22274281	1
19	22274282	22361892	0
19	22361893	22379752	2
19	22379753	22469209	0
19	22469210	22499977	1
19	22499978	22573820	0
19	22573821	22715286	2
19	22715287	22817125	0
19	22817126	22850471	1
19	22850472	22939006	0
19	22939007	22966908	2
19	22966909	23158269	0
19	23158270	23185977	2
19	23185978	23258011	0
19	23258012	23330020	1
19	23330021	23404400	0
19	23404401	23433191	2
19	23433192	23521550	0
19	23521551	23578361	2
19	23578362	23708432	0
19	23708433	23870021	2
19	23870022	23921996	0
19	23921997	23941692	2
19	23941693	23945806	0
19	23945807	24010936	1
19	24010937	24097677	0
19	24097678	24127960	1
19	24127961	24216275	0
19	24216276	24312653	1
19	24312654	29698172	0
19	29698173	29704447	2
19	29704448	30017405	0
19	30017406	30055385	1
19	30055386	30094923	0
19	30094924	30108143	1
19	30108144	30155962	0
19	30155963	30166363	1
19	30166364	30191720	0
19	30191721	30206160	2
19	30206161	30302804	0
19	30302805	30315214	1
19	30315215	30414550	0
19	30414551	30506610	1
19	30506611	30719420	0
19	30719421	31204444	1
19	31204445	31640361	0
19	31640362	31640756	1
19	31640757	31765850	0
19	31765851	31840452	2
19	31840453	32836499	0
19	32836500	32878572	1
19	32878573	32895914	0
19	32895915	32976800	1
19	32976801	33071973	0
19	33071974	33078357	1
19	33078358	33087912	0
19	33087913	33166312	2
19	33166313	33167502	3
19	33167503	33169205	1
19	33169206	33182866	0
19	33182867	33204701	1
19	33204702	33210658	0
19	33210659	33312168	1
19	33312169	33321414	0
19	33321415	33360671	2
19	33360672	33369901	0
19	33369902	33462868	2
19	33462869	33463126	0
19	33463127	33469127	1
19	33469128	33469498	0
19	33469499	33555793	2
19	33555794	33571785	0
19	33571786	33621447	1
19	33621448	33622995	0
19	33622996	33666700	1
19	33666701	33668508	0
19	33668509	33698693	1
19	33698694	33699569	0
19	33699570	33716755	2
19	33716756	33790839	0
19	33790840	33793469	2
19	33793470	33864235	0
19	33864236	33873591	1
19	33873592	33877855	0
19	33877856	34012699	2
19	34012700	34112860	0
19	34112861	34264413	1
19	34264414	34286837	0
19	34286838	34306667	1
19	34306668	34663429	0
19	34663430	34720419	1
19	34720420	34745441	0
19	34745442	34846490	1
19	34846491	34850384	0
19	34850385	34917072	1
19	34917073	34919267	0
19	34919268	34960852	1
19	34960853	34971873	0
19	34971874	34997257	1
19	34997258	35084346	0
19	35084347	35166603	2
19	35166604	35168551	0
19	35168552	35177301	1
19	35177302	35225059	0
19	35225060	35233776	1
19	35233777	35248980	0
19	35248981	35264133	2
19	35264134	35417806	0
19	35417807	35436073	1
19	35436074	35447257	0
19	35447258	35454952	2
19	35454953	35485687	0
19	35485688	35517374	1
19	35517375	35521587	0
19	35521588	35531351	1
19	35531352	35531409	0
19	35531410	35557474	1
19	35557475	35596872	0
19	35596873	35598140	1
19	35598141	35606731	0
19	35606732	35615227	1
19	35615228	35615416	0
19	35615417	35626103	2
19	35626104	35629711	0
19	35629712	35634012	1
19	35634013	35634153	0
19	35634154	35645203	1
19	35645204	35645632	0
19	35645633	35660785	1
19	35660786	35715702	0
19	35715703	35719631	2
19	35719632	35739294	0
19	35739295	35758866	1
19	35758867	35759880	0
19	35759881	35770717	1
19	35770718	35771618	0
19	35771619	35776045	1
19	35776046	35783027	0
19	35783028	35804706	1
19	35804707	35810163	0
19	35810164	35838257	1
19	35838258	35842444	0
19	35842445	35843366	1
19	35843367	35849361	0
19	35849362	35851386	1
19	35851387	35861830	0
19	35861831	35863854	1
19	35863855	35939202	0
19	35939203	35942668	1
19	35942669	35978225	0
19	35978226	35981432	2
19	35981433	35988121	0
19	35988122	36004559	2
19	36004560	36014268	0
19	36014269	36019252	2
19	36019253	36024313	0
19	36024314	36036217	1
19	36036218	36036496	0
19	36036497	36038427	1
19	36038428	36040944	0
19	36040945	36054559	2
19	36054560	36103671	0
19	36103672	36116250	1
19	36116251	36119931	0
19	36119932	36128587	1
19	36128588	36132646	0
19	36132647	36135772	1
19	36135773	36139124	0
19	36139125	36149762	1
19	36149763	36157714	0
19	36157715	36169366	1
19	36169367	36195428	0
19	36195429	36207939	1
19	36207940	36208920	0
19	36208921	36229778	1
19	36229779	36230057	0
19	36230058	36233353	2
19	36233354	36233432	0
19	36233433	36236014	2
19	36236015	36236345	3
19	36236346	36237910	1
19	36237911	36239261	0
19	36239262	36245419	1
19	36245420	36245468	0
19	36245469	36248979	2
19	36248980	36249043	0
19	36249044	36260089	1
19	36260090	36266416	0
19	36266417	36279723	1
19	36279724	36290891	0
19	36290892	36304200	2
19	36304201	36316865	0
19	36316866	36342739	2
19	36342740	36346762	0
19	36346763	36358010	1
19	36358011	36358800	0
19	36358801	36370689	1
19	36370690	36379142	0
19	36379143	36393204	2
19	36393205	36393381	0
19	36393382	36395278	1
19	36395279	36395302	0
19	36395303	36399196	2
19	36399197	36426451	0
19	36426452	36436668	1
19	36436669	36486089	0
19	36486090	36487219	1
19	36487220	36494211	0
19	36494212	36499694	2
19	36499695	36500025	0
19	36500026	36505140	2
19	36505141	36505561	0
19	36505562	36524244	2
19	36524245	36525886	0
19	36525887	36545663	2
19	36545664	36545782	0
19	36545783	36596004	1
19	36596005	36602103	0
19	36602104	36604611	1
19	36604612	36604612	3
19	36604613	36605887	2
19	36605888	36606247	3
19	36606248	36616848	1
19	36616849	36630476	0
19	36630477	36641253	1
19	36641254	36641823	0
19	36641824	36643770	2
19	36643771	36673187	0
19	36673188	36705503	2
19	36705504	36705565	3
19	36705566	36706034	2
19	36706035	36729675	3
19	36729676	36737158	2
19	36737159	36827161	0
19	36827162	36870100	2
19	36870101	36874021	0
19	36874022	36909557	2
19	36909558	36936020	0
19	36936021	36980762	2
19	36980763	37001596	0
19	37001597	37019561	2
19	37019562	37025675	0
19	37025676	37095718	2
19	37095719	37096177	3
19	37096178	37119498	1
19	37119499	37128890	0
19	37128891	37157742	2
19	37157743	37178529	0
19	37178530	37205284	1
19	37205285	37212228	3
19	37212229	37214248	1
19	37214249	37263726	2
19	37263727	37264054	0
19	37264055	37267979	1
19	37267980	37308329	0
19	37308330	37341262	2
19	37341263	37341688	3
19	37341689	37379025	1
19	37379026	37383831	3
19	37383832	37383935	1
19	37383936	37407192	2
19	37407193	37407230	0
19	37407231	37488833	1
19	37488834	37498758	0
19	37498759	37583920	1
19	37583921	37618343	3
19	37618344	37621212	1
19	37621213	37701450	2
19	37701451	37709091	0
19	37709092	37734827	1
19	37734828	37803738	0
19	37803739	37860266	1
19	37860267	37862060	0
19	37862061	37883795	1
19	37883796	37902056	0
19	37902057	37958673	2
19	37958674	37960171	3
19	37960172	37976259	1
19	37976260	37997840	0
19	37997841	38034236	1
19	38034237	38042307	0
19	38042308	38045683	1
19	38045684	38085655	3
19	38085656	38104649	1
19	38104650	38104995	3
19	38104996	38104997	1
19	38104998	38183237	2
19	38183238	38187263	0
19	38187264	38210690	2
19	38210691	38229187	0
19	38229188	38307939	2
19	38307940	38375462	0
19	38375463	38397316	2
19	38397317	38397867	0
19	38397868	38699011	1
19	38699012	38701645	0
19	38701646	38720353	2
19	38720354	38734674	0
19	38734675	38741876	1
19	38741877	38747230	3
19	38747231	38795648	1
19	38795649	38795752	0
19	38795753	38807912	2
19	38807913	38810483	0
19	38810484	38819659	1
19	38819660	38826414	0
19	38826415	38861588	1
19	38861589	38865175	0
19	38865176	38874463	1
19	38874464	38874904	0
19	38874905	38878721	2
19	38878722	38879060	0
19	38879061	38886880	1
19	38886881	38893774	0
19	38893775	38899694	1
19	38899695	38899723	3
19	38899724	38916944	2
19	38916945	38924338	0
19	38924339	39078203	1
19	39078204	39078280	0
19	39078281	39109521	2
19	39109522	39109734	0
19	39109735	39127594	1
19	39127595	39138309	0
19	39138310	39220913	1
19	39220914	39222222	3
19	39222223	39260543	2
19	39260544	39261610	0
19	39261611	39264131	2
19	39264132	39279850	0
19	39279851	39282388	1
19	39282389	39292318	0
19	39292319	39304003	2
19	39304004	39306061	0
19	39306062	39342977	2
19	39342978	39358469	0
19	39358470	39368918	2
19	39368919	39369196	0
19	39369197	39390339	2
19	39390340	39390462	3
19	39390463	39390501	2
19	39390502	39399530	1
19	39399531	39399619	0
19	39399620	39402797	2
19	39402798	39405905	0
19	39405906	39421187	2
19	39421188	39421535	3
19	39421536	39421593	2
19	39421594	39423801	3
19	39423802	39466549	2
19	39466550	39481353	0
19	39481354	39523424	2
19	39523425	39574944	0
19	39574945	39602132	1
19	39602133	39616409	0
19	39616410	39673455	1
19	39673456	39687600	0
19	39687601	39692523	1
19	39692524	39693470	0
19	39693471	39694905	2
19	39694906	39734245	0
19	39734246	39735645	2
19	39735646	39759153	0
19	39759154	39760731	1
19	39760732	39786964	0
19	39786965	39789312	1
19	39789313	39797207	0
19	39797208	39805975	2
19	39805976	39818992	0
19	39818993	39833011	2
19	39833012	39833035	0
19	39833036	39876349	1
19	39876350	39876491	0
19	39876492	39881834	2
19	39881835	39881950	0
19	39881951	39891276	1
19	39891277	39897452	0
19	39897453	39900051	1
19	39900052	39903224	0
19	39903225	39919053	1
19	39919054	39923846	0
19	39923847	39926587	2
19	39926588	39926795	0
19	39926796	39967309	1
19	39967310	39971051	0
19	39971052	39980758	1
19	39980759	39989534	0
19	39989535	39999120	1
19	39999121	40005752	0
19	40005753	40011325	1
19	40011326	40021629	0
19	40021630	40023493	2
19	40023494	40028889	0
19	40028890	40030869	2
19	40030870	40093163	0
19	40093164	40098115	1
19	40098116	40146533	0
19	40146534	40151286	1
19	40151287	40194945	0
19	40194946	40200083	1
19	40200084	40221889	0
19	40221890	40228667	2
19	40228668	40267234	0
19	40267235	40276774	1
19	40276775	40315989	0
19	40315990	40324840	2
19	40324841	40325097	0
19	40325098	40337053	2
19	40337054	40353962	0
19	40353963	40440532	2
19	40440533	40476911	0
19	40476912	40487347	1
19	40487348	40502942	0
19	40502943	40523513	1
19	40523514	40534166	0
19	40534167	40562115	2
19	40562116	40575058	0
19	40575059	40596844	2
19	40596845	40697650	0
19	40697651	40721481	1
19	40721482	40721964	0
19	40721965	40724305	2
19	40724306	40728114	0
19	40728115	40732596	2
19	40732597	40736223	0
19	40736224	40791442	2
19	40791443	40825442	0
19	40825443	40854362	2
19	40854363	40854433	3
19	40854434	40884389	1
19	40884390	40885177	0
19	40885178	40896093	2
19	40896094	40899674	0
19	40899675	40919272	2
19	40919273	40927498	0
19	40927499	40931931	2
19	40931932	40946750	0
19	40946751	40950611	2
19	40950612	40953695	0
19	40953696	40971746	2
19	40971747	40972147	0
19	40972148	41082369	1
19	41082370	41082756	0
19	41082757	41097304	1
19	41097305	41099071	0
19	41099072	41135724	1
19	41135725	41172595	0
19	41172596	41196876	2
19	41196877	41197433	0
19	41197434	41223007	2
19	41223008	41224111	3
19	41224112	41246760	1
19	41246761	41246764	3
19	41246765	41256407	2
19	41256408	41256541	0
19	41256542	41271293	1
19	41271294	41277552	0
19	41277553	41283394	1
19	41283395	41284120	0
19	41284121	41302846	1
19	41302847	41304900	0
19	41304901	41314337	1
19	41314338	41349442	0
19	41349443	41356351	2
19	41356352	41381343	0
19	41381344	41388656	2
19	41388657	41497203	0
19	41497204	41524302	1
19	41524303	41594376	0
19	41594377	41602099	1
19	41602100	41620336	0
19	41620337	41634270	1
19	41634271	41698953	0
19	41698954	41713443	1
19	41713444	41725107	0
19	41725108	41767670	1
19	41767671	41768400	0
19	41768401	41807491	1
19	41807492	41813502	3
19	41813503	41816093	2
19	41816094	41830787	3
19	41830788	41856815	2
19	41856816	41859815	3
19	41859816	41860325	1
19	41860326	41870077	3
19	41870078	41892278	1
19	41892279	41903383	3
19	41903384	41930909	1
19	41930910	41931263	0
19	41931264	41934634	2
19	41934635	41937222	0
19	41937223	41946621	2
19	41946622	41949062	0
19	41949063	41950669	1
19	41950670	42055885	0
19	42055886	42093196	1
19	42093197	42125343	0
19	42125344	42133441	2
19	42133442	42177234	0
19	42177235	42192295	2
19	42192296	42212503	0
19	42212504	42276112	1
19	42276113	42300368	0
19	42300369	42315590	1
19	42315591	42341147	0
19	42341148	42348759	2
19	42348760	42349008	0
19	42349009	42356400	1
19	42356401	42363987	0
19	42363988	42376993	1
19	42376994	42381189	0
19	42381190	42385438	1
19	42385439	42387227	0
19	42387228	42434301	1
19	42434302	42460832	0
19	42460833	42463541	2
19	42463542	42470733	0
19	42470734	42501648	2
19	42501649	42502472	0
19	42502473	42572628	2
19	42572629	42573649	3
19	42573650	42585700	1
19	42585701	42590262	0
19	42590263	42636629	2
19	42636630	42702749	0
19	42702750	42724274	2
19	42724275	42724422	0
19	42724423	42732352	1
19	42732353	42734337	0
19	42734338	42746926	2
19	42746927	42749124	3
19	42749125	42759308	2
19	42759309	42772688	0
19	42772689	42799948	1
19	42799949	42801184	0
19	42801185	42806249	2
19	42806250	42806722	3
19	42806723	42807697	2
19	42807698	42814972	1
19	42814973	42817487	0
19	42817488	42829213	1
19	42829214	42829760	0
19	42829761	42882920	1
19	42882921	42891170	0
19	42891171	42894438	2
19	42894439	42905658	0
19	42905659	42931577	2
19	42931578	42932439	0
19	42932440	42947199	2
19	42947200	43011455	0
19	43011456	43065385	2
19	43065386	43084392	0
19	43084393	43099206	2
19	43099207	43225793	0
19	43225794	43244720	2
19	43244721	43256837	0
19	43256838	43359842	2
19	43359843	43370615	0
19	43370616	43383870	2
19	43383871	43406230	0
19	43406231	43423714	2
19	43423715	43511807	0
19	43511808	43530663	2
19	43530664	43568362	0
19	43568363	43586819	2
19	43586820	43670407	0
19	43670408	43690687	2
19	43690688	43696853	0
19	43696854	43709925	2
19	43709926	43715942	0
19	43715943	43773681	2
19	43773682	43857824	0
19	43857825	43867479	1
19	43867480	43905647	0
19	43905648	43922762	1
19	43922763	43964938	0
19	43964939	43969811	2
19	43969812	43979254	0
19	43979255	44009086	2
19	44009087	44010870	0
19	44010871	44029648	2
19	44029649	44031395	3
19	44031396	44040281	1
19	44040282	44047191	0
19	44047192	44081343	2
19	44081344	44084624	3
19	44084625	44084695	2
19	44084696	44086249	3
19	44086250	44100286	2
19	44100287	44100543	0
19	44100544	44111370	1
19	44111371	44118648	3
19	44118649	44124025	2
19	44124026	44126519	0
19	44126520	44143990	2
19	44143991	44150246	0
19	44150247	44174698	2
19	44174699	44220161	0
19	44220162	44224172	1
19	44224173	44235300	0
19	44235301	44259141	2
19	44259142	44270684	0
19	44270685	44285408	2
19	44285409	44300080	0
19	44300081	44331350	2
19	44331351	44331443	0
19	44331444	44353306	1
19	44353307	44376514	0
19	44376515	44388115	2
19	44388116	44416780	0
19	44416781	44439410	2
19	44439411	44455374	0
19	44455375	44471860	1
19	44471861	44472013	0
19	44472014	44502476	1
19	44502477	44507099	0
19	44507100	44518077	1
19	44518078	44529493	0
19	44529494	44537264	1
19	44537265	44556161	0
19	44556162	44572143	1
19	44572144	44576296	0
19	44576297	44593765	1
19	44593766	44598491	0
19	44598492	44612478	1
19	44612479	44616333	0
19	44616334	44637026	1
19	44637027	44645709	0
19	44645710	44663155	1
19	44663156	44669225	0
19	44669226	44682533	1
19	44682534	44716690	0
19	44716691	44740262	1
19	44740263	44741420	3
19	44741421	44754317	2
19	44754318	44778825	3
19	44778826	44809198	2
19	44809199	44830707	0
19	44830708	44905773	2
19	44905774	44930422	0
19	44930423	44952765	2
19	44952766	44979853	0
19	44979854	45004574	2
19	45004575	45116939	0
19	45116940	45140080	1
19	45140081	45147097	0
19	45147098	45187630	1
19	45187631	45202420	0
19	45202421	45213985	1
19	45213986	45251803	0
19	45251804	45263300	1
19	45263301	45281125	0
19	45281126	45303890	1
19	45303891	45312327	0
19	45312328	45324670	1
19	45324671	45349431	0
19	45349432	45392484	1
19	45392485	45393825	0
19	45393826	45406945	1
19	45406946	45409010	0
19	45409011	45412649	1
19	45412650	45417503	0
19	45417504	45422605	1
19	45422606	45445494	0
19	45445495	45452821	1
19	45452822	45453300	0
19	45453301	45457263	2
19	45457264	45457847	0
19	45457848	45496598	1
19	45496599	45504687	0
19	45504688	45541451	1
19	45541452	45542297	0
19	45542298	45574213	1
19	45574214	45574757	0
19	45574758	45579845	2
19	45579846	45582452	0
19	45582453	45653007	1
19	45653008	45663407	3
19	45663408	45666185	1
19	45666186	45681494	3
19	45681495	45715878	1
19	45715879	45735137	3
19	45735138	45808540	1
19	45808541	45809671	0
19	45809672	45826234	2
19	45826235	45836691	0
19	45836692	45853094	1
19	45853095	45853644	3
19	45853645	45854777	1
19	45854778	45874175	2
19	45874176	45882891	0
19	45882892	45909466	2
19	45909467	45909606	3
19	45909607	45910590	1
19	45910591	45914023	3
19	45914024	45971252	2
19	45971253	45978435	3
19	45978436	45982085	2
19	45982086	45988546	0
19	45988547	45992034	2
19	45992035	46000318	3
19	46000319	46005767	1
19	46005768	46009836	0
19	46009837	46030240	1
19	46030241	46030684	0
19	46030685	46105469	2
19	46105470	46110251	0
19	46110252	46144948	2
19	46144949	46146097	3
19	46146098	46148886	2
19	46148887	46171501	0
19	46171502	46186981	1
19	46186982	46190711	0
19	46190712	46195590	2
19	46195591	46195740	0
19	46195741	46207246	1
19	46207247	46213886	0
19	46213887	46234161	2
19	46234162	46236508	0
19	46236509	46267791	1
19	46267792	46268042	0
19	46268043	46272483	2
19	46272484	46272974	0
19	46272975	46296059	2
19	46296060	46298967	0
19	46298968	46318576	2
19	46318577	46318692	0
19	46318693	46366547	2
19	46366548	46367246	0
19	46367247	46377054	1
19	46377055	46386865	0
19	46386866	46389375	2
19	46389376	46393277	0
19	46393278	46405861	2
19	46405862	46416474	0
19	46416475	46418035	2
19	46418036	46436991	0
19	46436992	46476803	2
19	46476804	46498338	0
19	46498339	46521873	1
19	46521874	46522410	0
19	46522411	46526322	2
19	46526323	46543005	0
19	46543006	46580351	2
19	46580352	46623327	0
19	46623328	46627930	2
19	46627931	46651038	0
19	46651039	46664555	1
19	46664556	46733008	0
19	46733009	46734499	1
19	46734500	46800302	0
19	46800303	46846689	1
19	46846690	46850250	0
19	46850251	46894108	1
19	46894109	46913628	0
19	46913629	46916840	2
19	46916841	46969747	0
19	46969748	46974819	2
19	46974820	46984052	0
19	46984053	46997764	2
19	46997765	46999754	3
19	46999755	47104330	2
19	47104331	47104456	3
19	47104457	47114049	1
19	47114050	47123724	0
19	47123725	47128374	2
19	47128375	47137332	0
19	47137333	47137941	2
19	47137942	47150868	0
19	47150869	47164394	2
19	47164395	47177531	0
19	47177532	47220383	2
19	47220384	47222763	0
19	47222764	47249302	2
19	47249303	47249736	3
19	47249737	47250166	2
19	47250167	47250250	3
19	47250251	47261741	1
19	47261742	47278139	0
19	47278140	47291850	2
19	47291851	47341392	0
19	47341393	47354248	2
19	47354249	47421932	0
19	47421933	47508333	1
19	47508334	47523076	0
19	47523077	47549032	1
19	47549033	47549164	0
19	47549165	47551887	2
19	47551888	47567443	0
19	47567444	47616530	2
19	47616531	47617008	3
19	47617009	47713885	1
19	47713886	47724080	0
19	47724081	47736022	2
19	47736023	47759715	0
19	47759716	47775209	1
19	47775210	47778141	0
19	47778142	47778978	1
19	47778979	47800331	0
19	47800332	47825322	1
19	47825323	47835403	0
19	47835404	47846605	1
19	47846606	47852537	0
19	47852538	47885960	1
19	47885961	47906380	0
19	47906381	47922779	2
19	47922780	47931273	0
19	47931274	47975424	2
19	47975425	47978400	0
19	47978401	47987524	2
19	47987525	47990893	0
19	47990894	48018496	2
19	48018497	48023941	0
19	48023942	48059112	2
19	48059113	48111452	0
19	48111453	48206478	1
19	48206479	48216599	0
19	48216600	48246390	1
19	48246391	48248778	0
19	48248779	48260314	1
19	48260315	48281828	0
19	48281829	48287940	1
19	48287941	48304499	0
19	48304500	48322307	2
19	48322308	48322702	0
19	48322703	48364768	1
19	48364769	48373722	0
19	48373723	48389653	2
19	48389654	48471302	0
19	48471303	48495426	2
19	48495427	48497907	0
19	48497908	48528409	1
19	48528410	48533209	0
19	48533210	48547309	2
19	48547310	48551099	0
19	48551100	48614073	2
19	48614074	48618701	0
19	48618702	48673859	2
19	48673860	48673948	0
19	48673949	48706888	1
19	48706889	48753084	3
19	48753085	48790864	1
19	48790865	48799713	0
19	48799714	48823331	2
19	48823332	48824765	0
19	48824766	48833809	1
19	48833810	48835612	0
19	48835613	48867493	2
19	48867494	48867651	0
19	48867652	48879632	1
19	48879633	48885826	0
19	48885827	48894809	2
19	48894810	48898131	0
19	48898132	48948187	1
19	48948188	48949029	0
19	48949030	48985570	1
19	48985571	48988527	0
19	48988528	49016445	2
19	49016446	49055331	0
19	49055332	49102681	1
19	49102682	49104066	0
19	49104067	49109999	2
19	49110000	49110969	3
19	49110970	49118071	2
19	49118072	49118584	0
19	49118585	49122547	2
19	49122548	49122792	3
19	49122793	49133286	1
19	49133287	49133661	3
19	49133662	49133941	1
19	49133942	49133972	3
19	49133973	49133973	1
19	49133974	49140694	2
19	49140695	49141198	0
19	49141199	49149568	2
19	49149569	49164663	0
19	49164664	49176337	2
19	49176338	49199227	0
19	49199228	49209206	1
19	49209207	49215998	0
19	49215999	49222977	2
19	49222978	49223843	0
19	49223844	49243977	2
19	49243978	49244144	0
19	49244145	49250165	2
19	49250166	49251267	0
19	49251268	49258646	2
19	49258647	49258815	0
19	49258816	49261586	1
19	49261587	49298318	0
19	49298319	49314285	2
19	49314286	49316273	0
19	49316274	49339934	2
19	49339935	49340353	0
19	49340354	49371888	2
19	49371889	49375648	0
19	49375649	49379313	1
19	49379314	49384221	0
19	49384222	49401989	2
19	49401990	49403306	0
19	49403307	49426628	1
19	49426629	49436938	0
19	49436939	49448225	1
19	49448226	49458116	0
19	49458117	49465054	1
19	49465055	49468557	0
19	49468558	49470134	1
19	49470135	49471381	0
19	49471382	49496566	2
19	49496567	49496704	0
19	49496705	49519236	1
19	49519237	49519251	3
19	49519252	49520337	2
19	49520338	49526125	0
19	49526126	49535168	2
19	49535169	49536410	3
19	49536411	49547140	2
19	49547141	49548567	3
19	49548568	49552399	2
19	49552400	49557530	0
19	49557531	49568332	2
19	49568333	49570674	0
19	49570675	49576197	2
19	49576198	49588679	0
19	49588680	49611819	1
19	49611820	49617580	0
19	49617581	49621654	1
19	49621655	49621716	3
19	49621717	49622396	2
19	49622397	49622645	0
19	49622646	49654282	1
19	49654283	49654454	0
19	49654455	49658680	2
19	49658681	49660997	0
19	49660998	49715092	1
19	49715093	49792894	0
19	49792895	49828481	2
19	49828482	49838652	0
19	49838653	49843851	1
19	49843852	49843862	3
19	49843863	49865039	2
19	49865040	49865713	3
19	49865714	49878372	1
19	49878373	49891474	0
19	49891475	49921250	1
19	49921251	49925670	0
19	49925671	49926697	2
19	49926698	49927005	0
19	49927006	49932074	1
19	49932075	49932657	0
19	49932658	49945616	2
19	49945617	49949555	0
19	49949556	49956425	2
19	49956426	49956750	3
19	49956751	49956753	2
19	49956754	49974304	1
19	49974305	49977484	0
19	49977485	49989487	1
19	49989488	49990810	0
19	49990811	49995564	1
19	49995565	49999630	0
19	49999631	50002945	1
19	50002946	50003780	0
19	50003781	50004613	1
19	50004614	50015535	0
19	50015536	50029589	1
19	50029590	50030874	0
19	50030875	50050218	1
19	50050219	50058967	0
19	50058968	50083902	2
19	50083903	50087203	3
19	50087204	50093518	2
19	50093519	50094271	1
19	50094272	50094899	0
19	50094900	50129695	1
19	50129696	50138548	0
19	50138549	50143457	2
19	50143458	50145381	0
19	50145382	50161898	1
19	50161899	50162828	0
19	50162829	50168822	2
19	50168823	50169131	3
19	50169132	50177172	1
19	50177173	50179042	0
19	50179043	50191703	1
19	50191704	50191920	0
19	50191921	50193831	1
19	50193832	50194366	0
19	50194367	50216987	1
19	50216988	50243011	0
19	50243012	50266586	2
19	50266587	50270224	0
19	50270225	50310141	1
19	50310142	50310368	3
19	50310369	50320632	2
19	50320633	50321545	0
19	50321546	50342072	1
19	50342073	50353991	0
19	50353992	50364000	1
19	50364001	50364460	0
19	50364461	50371165	2
19	50371166	50372294	0
19	50372295	50380681	2
19	50380682	50381284	3
19	50381285	50381443	2
19	50381444	50381715	3
19	50381716	50392000	1
19	50392001	50392910	0
19	50392911	50431958	2
19	50431959	50432795	3
19	50432796	50433000	2
19	50433001	50437191	1
19	50437192	50452241	0
19	50452242	50464428	2
19	50464429	50479723	0
19	50479724	50528970	2
19	50528971	50529202	3
19	50529203	50556670	1
19	50556671	50655804	0
19	50655805	50666451	2
19	50666452	50691442	0
19	50691443	50813801	1
19	50813802	50815193	0
19	50815194	50832909	2
19	50832910	50836771	3
19	50836772	50861733	1
19	50861734	50869086	3
19	50869087	50886238	1
19	50886239	50887595	0
19	50887596	50934569	1
19	50934570	50936159	0
19	50936160	50969577	1
19	50969578	50970043	0
19	50970044	50979752	2
19	50979753	50980009	3
19	50980010	50986607	1
19	50986608	51009254	0
19	51009255	51014609	2
19	51014610	51014856	0
19	51014857	51017946	2
19	51017947	51020148	0
19	51020149	51071301	2
19	51071302	51125233	0
19	51125234	51152701	2
19	51152702	51162561	3
19	51162562	51222706	2
19	51222707	51226585	0
19	51226586	51228973	1
19	51228974	51273720	0
19	51273721	51274988	1
19	51274989	51293671	0
19	51293672	51298480	1
19	51298481	51300960	0
19	51300961	51308185	2
19	51308186	51322403	0
19	51322404	51327042	2
19	51327043	51328544	0
19	51328545	51340468	2
19	51340469	51358170	0
19	51358171	51364018	1
19	51364019	51364823	0
19	51364824	51377551	1
19	51377552	51378039	3
19	51378040	51383822	1
19	51383823	51409607	0
19	51409608	51413993	2
19	51413994	51446558	0
19	51446559	51456348	2
19	51456349	51461886	0
19	51461887	51472928	2
19	51472929	51479728	0
19	51479729	51487319	2
19	51487320	51499262	0
19	51499263	51512836	2
19	51512837	51515994	0
19	51515995	51523430	2
19	51523431	51525471	0
19	51525472	51531294	2
19	51531295	51532347	0
19	51532348	51538485	2
19	51538486	51559793	0
19	51559794	51568370	2
19	51568371	51580751	0
19	51580752	51587501	2
19	51587502	51600862	0
19	51600863	51611626	2
19	51611627	51628164	0
19	51628165	51639907	1
19	51639908	51645555	0
19	51645556	51656782	1
19	51656783	51728319	0
19	51728320	51743270	1
19	51743271	51749602	0
19	51749603	51772583	1
19	51772584	51815101	0
19	51815102	51833607	1
19	51833608	51835071	0
19	51835072	51845377	2
19	51845378	51848422	0
19	51848423	51869671	2
19	51869672	51870351	0
19	51870352	51872256	2
19	51872257	51874859	0
19	51874860	51875968	2
19	51875969	51883162	0
19	51883163	51891213	2
19	51891214	51891542	0
19	51891543	51893827	2
19	51893828	51913274	0
19	51913275	51921056	2
19	51921057	51954100	0
19	51954101	51961709	2
19	51961710	51979837	0
19	51979838	51994205	1
19	51994206	51994617	0
19	51994618	52005042	2
19	52005043	52022778	0
19	52022779	52035109	2
19	52035110	52074550	0
19	52074551	52092990	1
19	52092991	52095035	0
19	52095036	52097629	2
19	52097630	52114780	0
19	52114781	52150150	2
19	52150151	52216364	0
19	52216365	52227246	2
19	52227247	52248424	0
19	52248425	52255278	2
19	52255279	52272175	3
19	52272176	52298415	2
19	52298416	52307362	3
19	52307363	52329441	1
19	52329442	52359062	0
19	52359063	52408292	2
19	52408293	52430472	0
19	52430473	52449166	1
19	52449167	52467595	0
19	52467596	52490108	2
19	52490109	52494584	0
19	52494585	52511482	2
19	52511483	52516017	0
19	52516018	52533492	2
19	52533493	52534631	0
19	52534632	52599017	2
19	52599018	52616343	0
19	52616344	52643174	2
19	52643175	52658100	0
19	52658101	52674895	2
19	52674896	52693291	0
19	52693292	52730686	1
19	52730687	52772823	0
19	52772824	52795976	1
19	52795977	52800429	0
19	52800430	52829174	1
19	52829175	52839497	0
19	52839498	52871030	1
19	52871031	52873169	0
19	52873170	52889047	1
19	52889048	52901101	0
19	52901102	52921656	1
19	52921657	52932439	0
19	52932440	52955567	1
19	52955568	52956828	0
19	52956829	53015406	1
19	53015407	53030905	0
19	53030906	53059588	1
19	53059589	53073525	0
19	53073526	53090426	1
19	53090427	53097312	0
19	53097313	53193748	2
19	53193749	53206065	0
19	53206066	53238306	2
19	53238307	53267447	0
19	53267448	53290015	2
19	53290016	53300661	0
19	53300662	53360901	2
19	53360902	53367118	0
19	53367119	53400945	2
19	53400946	53430387	0
19	53430388	53466163	2
19	53466164	53517173	0
19	53517174	53519374	1
19	53519375	53547990	0
19	53547991	53554328	1
19	53554329	53569858	0
19	53569859	53606688	2
19	53606689	53611131	0
19	53611132	53662312	2
19	53662313	53667390	0
19	53667391	53696626	2
19	53696627	53731576	0
19	53731577	53758131	2
19	53758132	53761544	0
19	53761545	53762854	1
19	53762855	53769928	0
19	53769929	53770971	2
19	53770972	53792855	0
19	53792856	53794874	2
19	53794875	53837001	0
19	53837002	53858121	1
19	53858122	53868945	0
19	53868946	53895469	1
19	53895470	53898402	0
19	53898403	53926863	1
19	53926864	53970988	0
19	53970989	54006949	1
19	54006950	54024277	0
19	54024278	54083522	1
19	54083523	54102881	0
19	54102882	54106750	2
19	54106751	54135309	0
19	54135310	54140262	1
19	54140263	54296856	0
19	54296857	54327647	2
19	54327648	54369476	0
19	54369477	54379690	1
19	54379691	54382443	0
19	54382444	54410905	1
19	54410906	54412588	0
19	54412589	54447194	1
19	54447195	54466293	0
19	54466294	54493468	1
19	54493469	54495541	0
19	54495542	54515922	1
19	54515923	54544078	0
19	54544079	54567206	2
19	54567207	54573148	0
19	54573149	54584633	2
19	54584634	54597932	0
19	54597933	54605999	2
19	54606000	54606144	0
19	54606145	54610319	1
19	54610320	54610874	3
19	54610875	54611839	1
19	54611840	54618836	2
19	54618837	54619054	3
19	54619055	54635139	1
19	54635140	54641443	0
19	54641444	54658898	1
19	54658899	54659418	3
19	54659419	54663619	2
19	54663620	54663845	0
19	54663846	54676943	2
19	54676944	54677106	0
19	54677107	54693732	2
19	54693733	54693788	0
19	54693789	54697584	1
19	54697585	54704609	0
19	54704610	54711514	1
19	54711515	54720146	0
19	54720147	54746648	2
19	54746649	54754262	0
19	54754263	54761163	2
19	54761164	54777674	0
19	54777675	54785038	2
19	54785039	54799853	0
19	54799854	54809951	2
19	54809952	54818352	0
19	54818353	54824408	2
19	54824409	54844455	0
19	54844456	54850420	2
19	54850421	54865361	0
19	54865362	54882164	2
19	54882165	54926392	0
19	54926393	54948079	1
19	54948080	54960064	0
19	54960065	54972980	1
19	54972981	54973216	3
19	54973217	54974893	2
19	54974894	54976209	0
19	54976210	54984410	2
19	54984411	55009099	0
19	55009100	55021896	1
19	55021897	55043976	0
19	55043977	55057052	1
19	55057053	55084494	0
19	55084495	55147172	1
19	55147173	55148469	3
19	55148470	55148978	1
19	55148979	55150342	2
19	55150343	55173578	0
19	55173579	55181809	1
19	55181810	55235968	0
19	55235969	55378661	1
19	55378662	55385703	0
19	55385704	55401837	1
19	55401838	55417507	0
19	55417508	55427507	1
19	55427508	55434876	0
19	55434877	55464497	2
19	55464498	55477610	3
19	55477611	55477679	2
19	55477680	55512509	1
19	55512510	55525072	0
19	55525073	55549631	2
19	55549632	55555710	0
19	55555711	55580907	2
19	55580908	55583387	0
19	55583388	55599289	1
19	55599290	55602280	0
19	55602281	55628926	2
19	55628927	55644161	0
19	55644162	55660721	2
19	55660722	55663137	0
19	55663138	55669099	2
19	55669100	55670030	0
19	55670031	55678018	2
19	55678019	55682566	0
19	55682567	55691808	2
19	55691809	55692615	0
19	55692616	55720823	2
19	55720824	55738115	0
19	55738116	55738586	2
19	55738587	55740631	3
19	55740632	55741147	1
19	55741148	55741646	3
19	55741647	55770362	2
19	55770363	55773598	0
19	55773599	55791748	2
19	55791749	55793439	0
19	55793440	55823900	1
19	55823901	55824168	0
19	55824169	55836707	2
19	55836708	55851220	0
19	55851221	55859487	1
19	55859488	55860673	0
19	55860674	55866181	2
19	55866182	55866275	0
19	55866276	55874627	2
19	55874628	55875756	0
19	55875757	55881830	2
19	55881831	55888203	0
19	55888204	55889611	1
19	55889612	55890612	0
19	55890613	55895965	2
19	55895966	55896712	0
19	55896713	55912651	1
19	55912652	55914611	3
19	55914612	55919144	2
19	55919145	55940106	0
19	55940107	55954229	2
19	55954230	55964351	0
19	55964352	55973709	2
19	55973710	55987698	0
19	55987699	55995853	1
19	55995854	55996370	0
19	55996371	55998934	1
19	55998935	55999770	0
19	55999771	56030464	1
19	56030465	56041099	0
19	56041100	56048455	2
19	56048456	56052022	0
19	56052023	56056908	2
19	56056909	56088898	0
19	56088899	56092210	2
19	56092211	56102745	0
19	56102746	56111387	2
19	56111388	56113335	3
19	56113336	56114503	1
19	56114504	56116770	0
19	56116771	56128634	1
19	56128635	56132107	0
19	56132108	56135966	2
19	56135967	56146381	0
19	56146382	56164526	1
19	56164527	56165511	0
19	56165512	56186080	1
19	56186081	56186591	0
19	56186592	56219797	1
19	56219798	56221223	3
19	56221224	56249767	2
19	56249768	56270379	0
19	56270380	56274540	1
19	56274541	56280506	0
19	56280507	56284544	1
19	56284545	56296769	0
19	56296770	56347943	2
19	56347944	56348127	3
19	56348128	56348165	2
19	56348166	56393219	1
19	56393220	56403064	0
19	56403065	56443701	2
19	56443702	56459197	0
19	56459198	56499994	1
19	56499995	56511091	0
19	56511092	56573178	1
19	56573179	56598731	0
19	56598732	56632648	2
19	56632649	56643967	0
19	56643968	56662313	1
19	56662314	56663249	3
19	56663250	56672261	1
19	56672262	56687388	0
19	56687389	56697143	1
19	56697144	56700938	0
19	56700939	56709288	2
19	56709289	56713669	0
19	56713670	56720820	1
19	56720821	56732680	0
19	56732681	56751772	2
19	56751773	56758862	3
19	56758863	56795502	2
19	56795503	56798048	3
19	56798049	56813304	2
19	56813305	56821814	3
19	56821815	56879751	2
19	56879752	56887412	0
19	56887413	56904913	2
19	56904914	56915382	0
19	56915383	56938732	1
19	56938733	56950693	0
19	56950694	56989433	2
19	56989434	57019211	0
19	57019212	57041589	1
19	57041590	57050316	0
19	57050317	57068168	1
19	57068169	57078879	0
19	57078880	57100278	1
19	57100279	57106631	0
19	57106632	57137848	1
19	57137849	57154512	0
19	57154513	57167133	1
19	57167134	57174019	0
19	57174020	57183150	2
19	57183151	57285919	0
19	57285920	57352096	2
19	57352097	57630505	0
19	57630506	57643293	1
19	57643294	57645463	0
19	57645464	57656569	2
19	57656570	57665388	0
19	57665389	57678810	2
19	57678811	57702867	0
19	57702868	57724723	1
19	57724724	57742376	0
19	57742377	57746915	1
19	57746916	57751972	0
19	57751973	57766502	1
19	57766503	57791418	0
19	57791419	57804936	1
19	57804937	57831876	0
19	57831877	57842143	1
19	57842144	57862674	0
19	57862675	57871265	1
19	57871266	57874878	0
19	57874879	57949337	1
19	57949338	57949824	3
19	57949825	57956852	1
19	57956853	57988937	2
19	57988938	57999078	0
19	57999079	58006047	1
19	58006048	58011282	0
19	58011283	58029771	1
19	58029772	58038692	0
19	58038693	58046624	1
19	58046625	58052130	3
19	58052131	58053207	1
19	58053208	58064121	3
19	58064122	58068909	1
19	58068910	58071230	2
19	58071231	58082933	0
19	58082934	58090294	2
19	58090295	58094977	0
19	58094978	58105144	1
19	58105145	58111252	0
19	58111253	58124089	1
19	58124090	58125605	0
19	58125606	58134723	1
19	58134724	58141760	0
19	58141761	58154146	1
19	58154147	58180302	0
19	58180303	58190519	1
19	58190520	58193336	0
19	58193337	58203867	1
19	58203868	58204127	3
19	58204128	58208734	1
19	58208735	58220535	3
19	58220536	58231118	1
19	58231119	58238991	3
19	58238992	58269526	1
19	58269527	58281022	0
19	58281023	58315208	1
19	58315209	58324771	3
19	58324772	58361682	1
19	58361683	58369944	3
19	58369945	58376126	1
19	58376127	58376479	3
19	58376480	58400404	2
19	58400405	58411663	0
19	58411664	58427977	2
19	58427978	58433251	0
19	58433252	58446760	2
19	58446761	58452200	0
19	58452201	58459042	2
19	58459043	58469804	0
19	58469805	58485901	2
19	58485902	58488420	0
19	58488421	58513428	2
19	58513429	58514716	3
19	58514717	58522599	1
19	58522600	58545399	0
19	58545400	58565998	1
19	58565999	58570606	0
19	58570607	58581122	1
19	58581123	58595204	0
19	58595205	58629793	2
19	58629794	58637694	0
19	58637695	58666433	2
19	58666434	58694395	0
19	58694396	58724926	1
19	58724927	58739959	0
19	58739960	58788814	1
19	58788815	58790316	0
19	58790317	58807253	1
19	58807254	58838384	0
19	58838385	58853697	1
19	58853698	58858215	0
19	58858216	58864864	2
19	58864865	58865722	0
19	58865723	58874213	2
19	58874214	58878984	0
19	58878985	58892426	2
19	58892427	58897766	0
19	58897767	58906172	1
19	58906173	58907456	0
19	58907457	58908406	1
19	58908407	58919991	0
19	58919992	58929693	1
19	58929694	58944180	0
19	58944181	58951588	2
19	58951589	58962970	0
19	58962971	58969199	1
19	58969200	58978422	0
19	58978423	58984944	1
19	58984945	58985383	0
19	58985384	58992596	1
19	58992597	59009699	0
19	59009700	59023431	2
19	59023432	59024896	0
19	59024897	59050277	2
19	59050278	59055457	0
19	59055458	59062088	1
19	59062089	59062932	0
19	59062933	59066490	2
19	59066491	59067078	0
19	59067079	59070326	2
19	59070327	59073298	0
19	59073299	59084941	2
