<CHROM>	<START>	<END>	<TSB>
1	0	69090	0
1	69091	70007	1
1	70008	134900	0
1	134901	139378	2
1	139379	367639	0
1	367640	368633	1
1	368634	621058	0
1	621059	622052	2
1	622053	738531	0
1	738532	739136	2
1	739137	818042	0
1	818043	819982	1
1	819983	860259	0
1	860260	861263	1
1	861264	866444	3
1	866445	879583	1
1	879584	879954	3
1	879955	894669	2
1	894670	895966	0
1	895967	901094	1
1	901095	901876	0
1	901877	910578	1
1	910579	911244	3
1	911245	917496	2
1	917497	934341	0
1	934342	935551	2
1	935552	948802	0
1	948803	949919	1
1	949920	955502	0
1	955503	991495	1
1	991496	1006345	0
1	1006346	1009686	2
1	1009687	1017197	0
1	1017198	1051740	2
1	1051741	1109282	0
1	1109283	1133314	1
1	1133315	1138887	0
1	1138888	1142070	2
1	1142071	1146705	0
1	1146706	1149511	2
1	1149512	1152287	0
1	1152288	1167410	2
1	1167411	1167628	0
1	1167629	1170420	1
1	1170421	1177832	0
1	1177833	1182101	2
1	1182102	1189293	0
1	1189294	1209264	2
1	1209265	1215815	0
1	1215816	1227408	1
1	1227409	1227755	0
1	1227756	1243397	2
1	1243398	1243946	0
1	1243947	1246976	1
1	1246977	1247056	3
1	1247057	1260070	2
1	1260071	1260146	0
1	1260147	1264276	1
1	1264277	1266693	0
1	1266694	1270655	1
1	1270656	1270685	3
1	1270686	1284729	2
1	1284730	1288070	0
1	1288071	1297156	2
1	1297157	1309109	0
1	1309110	1310874	2
1	1310875	1321861	0
1	1321862	1334696	2
1	1334697	1334901	0
1	1334902	1337287	1
1	1337288	1337425	3
1	1337426	1342692	2
1	1342693	1353799	0
1	1353800	1357148	2
1	1357149	1361507	0
1	1361508	1363166	1
1	1363167	1370240	0
1	1370241	1378261	1
1	1378262	1385068	0
1	1385069	1405537	1
1	1405538	1407142	0
1	1407143	1431581	1
1	1431582	1447530	0
1	1447531	1470066	1
1	1470067	1470553	0
1	1470554	1475832	2
1	1475833	1477052	0
1	1477053	1510248	2
1	1510249	1510354	0
1	1510355	1511372	1
1	1511373	1533391	0
1	1533392	1535475	2
1	1535476	1550794	0
1	1550795	1565989	1
1	1565990	1567473	0
1	1567474	1570029	1
1	1570030	1570602	0
1	1570603	1590472	2
1	1590473	1592938	0
1	1592939	1624166	2
1	1624167	1634168	0
1	1634169	1655765	2
1	1655766	1656276	0
1	1656277	1677430	2
1	1677431	1682670	0
1	1682671	1711507	2
1	1711508	1716728	0
1	1716729	1822494	2
1	1822495	1846265	0
1	1846266	1848732	1
1	1848733	1849028	0
1	1849029	1850711	2
1	1850712	1853725	0
1	1853726	1897964	2
1	1897965	1919400	0
1	1919401	1935152	2
1	1935153	1950779	0
1	1950780	1962191	1
1	1962192	1981908	0
1	1981909	2115916	1
1	2115917	2116833	3
1	2116834	2121236	2
1	2121237	2123178	3
1	2123179	2130426	2
1	2130427	2143359	0
1	2143360	2145619	2
1	2145620	2160133	0
1	2160134	2241557	1
1	2241558	2252691	0
1	2252692	2258580	2
1	2258581	2259041	3
1	2259042	2323145	2
1	2323146	2323266	0
1	2323267	2336235	1
1	2336236	2336882	3
1	2336883	2345235	2
1	2345236	2357418	0
1	2357419	2436964	1
1	2436965	2439971	0
1	2439972	2458038	2
1	2458039	2460183	0
1	2460184	2461683	2
1	2461684	2487077	0
1	2487078	2495267	1
1	2495268	2518213	0
1	2518214	2522077	1
1	2522078	2522906	3
1	2522907	2564480	2
1	2564481	2567414	0
1	2567415	2718285	2
1	2718286	2938045	0
1	2938046	2939464	1
1	2939465	2985731	0
1	2985732	3355184	1
1	3355185	3370989	0
1	3370990	3397676	1
1	3397677	3406483	0
1	3406484	3528058	2
1	3528059	3541565	0
1	3541566	3546690	1
1	3546691	3547330	0
1	3547331	3569083	2
1	3569084	3569324	3
1	3569325	3652764	1
1	3652765	3668961	0
1	3668962	3688207	1
1	3688208	3689351	0
1	3689352	3692545	1
1	3692546	3696783	0
1	3696784	3713067	2
1	3713068	3728644	0
1	3728645	3773777	2
1	3773778	3773844	0
1	3773845	3801992	1
1	3801993	3805688	0
1	3805689	3816848	2
1	3816849	4714791	0
1	4714792	4852593	1
1	4852594	5922877	0
1	5922878	6051525	2
1	6051526	6052530	3
1	6052531	6100629	1
1	6100630	6101398	3
1	6101399	6161252	1
1	6161253	6161852	0
1	6161853	6240182	2
1	6240183	6241328	0
1	6241329	6266188	2
1	6266189	6269303	3
1	6269304	6269448	2
1	6269449	6281252	1
1	6281253	6281350	3
1	6281351	6281358	1
1	6281359	6295999	2
1	6296000	6304251	0
1	6304252	6305637	1
1	6305638	6307405	0
1	6307406	6321034	2
1	6321035	6324328	0
1	6324329	6454450	2
1	6454451	6472477	0
1	6472478	6484729	2
1	6484730	6484847	0
1	6484848	6521210	1
1	6521211	6521429	3
1	6521430	6580120	2
1	6580121	6581406	0
1	6581407	6614594	2
1	6614595	6615240	0
1	6615241	6639816	1
1	6639817	6640060	0
1	6640061	6649339	1
1	6649340	6650783	0
1	6650784	6673744	2
1	6673745	6674619	3
1	6674620	6674666	2
1	6674667	6684092	1
1	6684093	6684925	0
1	6684926	6694227	1
1	6694228	6695645	3
1	6695646	6761983	2
1	6761984	6845383	0
1	6845384	7829765	1
1	7829766	7831328	0
1	7831329	7841491	1
1	7841492	7844379	0
1	7844380	7903142	1
1	7903143	7905236	3
1	7905237	7913571	2
1	7913572	7979906	0
1	7979907	8000925	2
1	8000926	8014350	0
1	8014351	8045564	1
1	8045565	8064463	0
1	8064464	8086367	2
1	8086368	8377885	0
1	8377886	8404226	1
1	8404227	8412456	0
1	8412457	8877701	2
1	8877702	8921060	0
1	8921061	8939307	2
1	8939308	9005925	0
1	9005926	9035150	1
1	9035151	9063358	0
1	9063359	9086403	2
1	9086404	9095165	0
1	9095166	9148536	2
1	9148537	9160363	0
1	9160364	9189228	2
1	9189229	9294833	0
1	9294834	9331395	1
1	9331396	9352938	0
1	9352939	9429590	1
1	9429591	9599540	0
1	9599541	9645236	1
1	9645237	9648931	0
1	9648932	9674934	1
1	9674935	9711789	0
1	9711790	9712667	1
1	9712668	9714643	3
1	9714644	9789083	1
1	9789084	9789171	3
1	9789172	9884583	2
1	9884584	9908333	0
1	9908334	9970393	2
1	9970394	9982172	0
1	9982173	10003464	2
1	10003465	10003485	0
1	10003486	10045558	1
1	10045559	10057273	0
1	10057274	10076077	1
1	10076078	10092889	0
1	10092890	10241296	1
1	10241297	10270862	0
1	10270863	10441660	1
1	10441661	10458648	0
1	10458649	10480200	1
1	10480201	10490158	0
1	10490159	10512209	1
1	10512210	10516578	0
1	10516579	10532582	2
1	10532583	10534943	0
1	10534944	10690814	1
1	10690815	10696660	0
1	10696661	10856706	2
1	10856707	11006529	0
1	11006530	11042093	2
1	11042094	11072413	0
1	11072414	11084239	1
1	11084240	11086579	0
1	11086580	11107289	2
1	11107290	11114645	0
1	11114646	11120080	2
1	11120081	11126674	0
1	11126675	11159937	2
1	11159938	11166591	0
1	11166592	11249397	2
1	11249398	11256037	3
1	11256038	11322563	2
1	11322564	11333262	0
1	11333263	11356105	1
1	11356106	11539294	0
1	11539295	11597640	1
1	11597641	11708423	0
1	11708424	11714431	2
1	11714432	11714738	3
1	11714739	11714913	2
1	11714914	11715841	3
1	11715842	11723383	1
1	11723384	11724180	0
1	11724181	11734410	1
1	11734411	11734536	0
1	11734537	11751706	2
1	11751707	11751785	0
1	11751786	11785913	1
1	11785914	11796140	0
1	11796141	11810825	1
1	11810826	11821843	0
1	11821844	11845779	1
1	11845780	11849640	3
1	11849641	11849641	1
1	11849642	11866206	2
1	11866207	11866976	3
1	11866977	11903200	1
1	11903201	11905765	0
1	11905766	11908401	2
1	11908402	11917520	0
1	11917521	11918987	2
1	11918988	11979647	0
1	11979648	11986484	2
1	11986485	11994750	0
1	11994751	12035593	1
1	12035594	12040237	0
1	12040238	12073570	1
1	12073571	12079522	0
1	12079523	12092101	1
1	12092102	12123433	0
1	12123434	12204263	1
1	12204264	12227059	0
1	12227060	12269284	1
1	12269285	12290123	0
1	12290124	12572098	1
1	12572099	12627938	0
1	12627939	12677736	2
1	12677737	12704565	0
1	12704566	12727096	1
1	12727097	12776117	0
1	12776118	12788725	1
1	12788726	12806162	0
1	12806163	12823846	1
1	12823847	12834983	0
1	12834984	12838048	1
1	12838049	12851545	0
1	12851546	12856776	1
1	12856777	12884467	0
1	12884468	12891263	2
1	12891264	12907260	0
1	12907261	12908577	2
1	12908578	12916940	0
1	12916941	12921763	1
1	12921764	12939044	0
1	12939045	12946024	2
1	12946025	12952726	0
1	12952727	12958100	2
1	12958101	12976449	0
1	12976450	12980568	1
1	12980569	12998180	0
1	12998181	13035542	2
1	13035543	13038380	3
1	13038381	13117750	2
1	13117751	13216355	0
1	13216356	13219580	2
1	13219581	13328195	0
1	13328196	13331691	2
1	13331692	13359818	0
1	13359819	13369056	1
1	13369057	13386645	0
1	13386646	13390764	2
1	13390765	13421175	0
1	13421176	13428190	1
1	13428191	13447413	0
1	13447414	13452655	2
1	13452656	13474688	0
1	13474689	13477521	2
1	13477522	13495253	0
1	13495254	13498259	1
1	13498260	13516065	0
1	13516066	13526942	1
1	13526943	13641972	0
1	13641973	13648987	1
1	13648988	13668268	0
1	13668269	13673510	2
1	13673511	13694888	0
1	13694889	13698404	2
1	13698405	13716091	0
1	13716092	13719088	1
1	13719089	13736906	0
1	13736907	13747802	1
1	13747803	13801444	0
1	13801445	13840542	2
1	13840543	13909959	0
1	13909960	13944451	1
1	13944452	14026692	0
1	14026693	14151573	1
1	14151574	14925199	0
1	14925200	15444538	1
1	15444539	15479027	0
1	15479028	15490839	1
1	15490840	15497773	3
1	15497774	15546975	1
1	15546976	15573767	0
1	15573768	15724621	1
1	15724622	15736390	0
1	15736391	15756838	1
1	15756839	15764934	0
1	15764935	15775736	1
1	15775737	15783223	0
1	15783224	15798585	1
1	15798586	15802595	0
1	15802596	15817326	1
1	15817327	15817894	3
1	15817895	15851383	2
1	15851384	15853307	0
1	15853308	15898847	1
1	15898848	15902586	3
1	15902587	15911604	2
1	15911605	15943994	0
1	15943995	15995538	1
1	15995539	16010826	0
1	16010827	16061263	1
1	16061264	16062899	0
1	16062900	16067890	1
1	16067891	16068916	0
1	16068917	16074476	1
1	16074477	16083101	0
1	16083102	16113088	1
1	16113089	16174358	0
1	16174359	16266954	1
1	16266955	16268363	0
1	16268364	16302626	2
1	16302627	16330730	0
1	16330731	16335301	1
1	16335302	16340522	0
1	16340523	16346088	2
1	16346089	16348365	0
1	16348366	16360544	1
1	16360545	16370271	0
1	16370272	16383802	1
1	16383803	16384263	0
1	16384264	16400120	2
1	16400121	16450831	0
1	16450832	16482581	2
1	16482582	16524598	0
1	16524599	16539103	2
1	16539104	16555367	0
1	16555368	16556037	2
1	16556038	16558194	0
1	16558195	16563656	2
1	16563657	16573333	0
1	16573334	16678948	2
1	16678949	16693577	0
1	16693578	16713611	1
1	16713612	16724636	3
1	16724637	16724639	1
1	16724640	16763918	2
1	16763919	16767166	0
1	16767167	16786572	1
1	16786573	16865560	0
1	16865561	16866069	1
1	16866070	16888813	0
1	16888814	16939981	2
1	16939982	16999497	0
1	16999498	17000006	1
1	17000007	17060446	0
1	17060447	17060955	2
1	17060956	17248444	0
1	17248445	17299473	1
1	17299474	17300996	0
1	17300997	17307329	2
1	17307330	17312452	0
1	17312453	17338422	2
1	17338423	17345216	0
1	17345217	17380664	2
1	17380665	17393255	0
1	17393256	17445947	2
1	17445948	17531620	0
1	17531621	17572499	1
1	17572500	17575592	0
1	17575593	17610727	1
1	17610728	17634689	0
1	17634690	17655506	1
1	17655507	17661290	3
1	17661291	17690498	1
1	17690499	17733255	0
1	17733256	17766219	2
1	17766220	17866329	0
1	17866330	18024368	1
1	18024369	18081807	0
1	18081808	18153557	1
1	18153558	18434239	0
1	18434240	18704975	1
1	18704976	18807423	0
1	18807424	18812477	1
1	18812478	18957499	0
1	18957500	19075359	1
1	19075360	19166092	0
1	19166093	19186175	2
1	19186176	19197925	0
1	19197926	19229274	2
1	19229275	19230774	0
1	19230775	19283179	2
1	19283180	19400999	0
1	19401000	19536769	2
1	19536770	19542157	0
1	19542158	19578032	2
1	19578033	19578045	3
1	19578046	19586621	1
1	19586622	19592477	0
1	19592478	19600567	2
1	19600568	19609051	0
1	19609052	19615743	2
1	19615744	19630458	0
1	19630459	19638639	2
1	19638640	19638819	0
1	19638820	19655793	1
1	19655794	19665266	0
1	19665267	19812065	2
1	19812066	19923472	0
1	19923473	19984944	1
1	19984945	19991779	0
1	19991780	20006054	1
1	20006055	20008705	0
1	20008706	20126409	2
1	20126410	20140522	0
1	20140523	20141770	2
1	20141771	20209005	0
1	20209006	20239437	1
1	20239438	20246501	0
1	20246502	20250109	2
1	20250110	20301924	0
1	20301925	20306931	2
1	20306932	20396700	0
1	20396701	20417660	1
1	20417661	20438431	0
1	20438432	20446049	2
1	20446050	20465818	0
1	20465819	20476878	1
1	20476879	20487745	0
1	20487746	20503916	2
1	20503917	20512577	0
1	20512578	20522540	1
1	20522541	20617411	0
1	20617412	20681386	1
1	20681387	20808883	0
1	20808884	20812712	2
1	20812713	20825942	0
1	20825943	20834653	2
1	20834654	20878931	0
1	20878932	20881511	1
1	20881512	20915440	0
1	20915441	20945400	1
1	20945401	20959947	0
1	20959948	20978003	1
1	20978004	20978269	0
1	20978270	20987999	2
1	20988000	20990506	0
1	20990507	21044509	2
1	21044510	21046224	0
1	21046225	21059329	2
1	21059330	21069153	0
1	21069154	21113815	2
1	21113816	21132962	0
1	21132963	21503376	2
1	21503377	21543739	0
1	21543740	21671996	2
1	21671997	21766620	0
1	21766621	21811497	1
1	21811498	21835857	0
1	21835858	21904904	1
1	21904905	21922707	0
1	21922708	21995800	2
1	21995801	22004790	0
1	22004791	22110098	2
1	22110099	22138757	0
1	22138758	22148737	1
1	22148738	22151713	3
1	22151714	22263789	2
1	22263790	22303513	0
1	22303514	22325134	1
1	22325135	22328148	0
1	22328149	22339031	1
1	22339032	22379119	0
1	22379120	22419436	1
1	22419437	22443797	0
1	22443798	22470461	2
1	22470462	22778343	0
1	22778344	22857649	1
1	22857650	22890056	0
1	22890057	22930086	1
1	22930087	22962998	0
1	22962999	22966100	1
1	22966101	22970122	0
1	22970123	22974602	1
1	22974603	22979254	0
1	22979255	22988030	1
1	22988031	23037331	0
1	23037332	23241817	1
1	23241818	23279535	0
1	23279536	23291830	2
1	23291831	23337326	0
1	23337327	23342342	2
1	23342343	23345940	0
1	23345941	23410181	1
1	23410182	23410515	0
1	23410516	23504300	2
1	23504301	23516992	0
1	23516993	23521221	2
1	23521222	23631180	0
1	23631181	23670828	2
1	23670829	23685940	0
1	23685941	23695710	2
1	23695711	23695934	3
1	23695935	23698331	1
1	23698332	23707553	0
1	23707554	23751232	2
1	23751233	23755055	0
1	23755056	23811060	2
1	23811061	23832921	0
1	23832922	23857711	2
1	23857712	23884408	0
1	23884409	23886284	2
1	23886285	23953823	0
1	23953824	23967057	1
1	23967058	24018268	0
1	24018269	24022914	1
1	24022915	24069644	0
1	24069645	24088548	1
1	24088549	24104894	0
1	24104895	24114721	1
1	24114722	24117459	0
1	24117460	24122028	1
1	24122029	24122089	0
1	24122090	24127259	2
1	24127260	24128374	0
1	24128375	24165109	2
1	24165110	24171566	0
1	24171567	24194783	2
1	24194784	24197015	0
1	24197016	24285548	2
1	24285549	24285598	0
1	24285599	24289951	1
1	24289952	24291293	0
1	24291294	24306845	2
1	24306846	24382524	0
1	24382525	24438664	2
1	24438665	24446260	0
1	24446261	24469610	2
1	24469611	24480646	0
1	24480647	24514448	2
1	24514449	24645811	0
1	24645812	24683488	1
1	24683489	24690971	3
1	24690972	24741586	2
1	24741587	24742283	0
1	24742284	24799465	1
1	24799466	24829386	0
1	24829387	24867529	1
1	24867530	24882601	0
1	24882602	24935815	1
1	24935816	24967721	0
1	24967722	24999757	1
1	24999758	25071847	0
1	25071848	25170814	1
1	25170815	25226001	0
1	25226002	25291500	2
1	25291501	25549169	0
1	25549170	25558983	2
1	25558984	25568727	0
1	25568728	25598883	2
1	25598884	25656935	3
1	25656936	25664407	2
1	25664408	25664590	3
1	25664591	25664703	2
1	25664704	25688739	1
1	25688740	25688851	3
1	25688852	25756682	2
1	25756683	25757387	0
1	25757388	25826699	1
1	25826700	25870070	0
1	25870071	25895376	1
1	25895377	25943958	0
1	25943959	26112697	1
1	26112698	26126666	0
1	26126667	26144712	1
1	26144713	26145130	0
1	26145131	26145211	1
1	26145212	26147287	3
1	26147288	26158413	1
1	26158414	26159431	3
1	26159432	26185902	2
1	26185903	26187700	0
1	26187701	26197743	2
1	26197744	26211930	0
1	26211931	26233481	2
1	26233482	26286257	0
1	26286258	26324647	2
1	26324648	26348270	0
1	26348271	26362954	1
1	26362955	26363742	0
1	26363743	26372623	2
1	26372624	26377794	0
1	26377795	26394123	2
1	26394124	26437663	0
1	26437664	26452033	1
1	26452034	26485510	0
1	26485511	26489118	1
1	26489119	26496361	0
1	26496362	26498550	1
1	26498551	26503893	0
1	26503894	26516376	1
1	26516377	26517051	0
1	26517052	26529458	1
1	26529459	26560690	0
1	26560691	26605298	1
1	26605299	26605666	0
1	26605667	26607818	1
1	26607819	26608006	3
1	26608007	26644447	2
1	26644448	26644755	3
1	26644756	26644853	2
1	26644854	26647013	1
1	26647014	26648349	0
1	26648350	26670575	2
1	26670576	26671750	0
1	26671751	26680620	2
1	26680621	26688124	0
1	26688125	26701012	2
1	26701013	26737268	0
1	26737269	26756212	1
1	26756213	26758806	0
1	26758807	26797784	1
1	26797785	26799009	0
1	26799010	26802462	1
1	26802463	26856257	0
1	26856258	26901515	1
1	26901516	27022523	0
1	27022524	27108594	1
1	27108595	27113962	0
1	27113963	27124888	1
1	27124889	27153200	0
1	27153201	27184092	1
1	27184093	27189632	0
1	27189633	27190946	1
1	27190947	27202623	0
1	27202624	27216787	2
1	27216788	27216978	0
1	27216979	27226728	2
1	27226729	27226956	3
1	27226957	27237979	1
1	27237980	27240456	3
1	27240457	27273352	1
1	27273353	27276052	0
1	27276053	27286896	2
1	27286897	27320197	0
1	27320198	27327388	1
1	27327389	27331510	0
1	27331511	27339326	2
1	27339327	27425305	0
1	27425306	27493471	2
1	27493472	27561006	0
1	27561007	27635109	1
1	27635110	27648650	0
1	27648651	27662890	1
1	27662891	27668512	0
1	27668513	27680420	1
1	27680421	27681674	0
1	27681675	27693382	2
1	27693383	27695602	0
1	27695603	27701314	2
1	27701315	27705665	0
1	27705666	27709869	2
1	27709870	27719147	0
1	27719148	27722317	1
1	27722318	27730729	0
1	27730730	27816668	2
1	27816669	27860545	0
1	27860546	27930142	2
1	27930143	27938574	0
1	27938575	27961787	2
1	27961788	27992571	0
1	27992572	27998728	2
1	27998729	28052489	0
1	28052490	28089632	1
1	28089633	28099693	0
1	28099694	28150962	1
1	28150963	28157288	0
1	28157289	28177084	1
1	28177085	28177254	3
1	28177255	28178186	1
1	28178187	28199054	0
1	28199055	28213195	1
1	28213196	28218034	0
1	28218035	28241256	2
1	28241257	28261503	0
1	28261504	28285667	1
1	28285668	28285972	0
1	28285973	28294606	1
1	28294607	28296854	0
1	28296855	28415206	2
1	28415207	28473676	0
1	28473677	28520446	2
1	28520447	28525966	0
1	28525967	28527069	2
1	28527070	28527418	3
1	28527419	28559535	2
1	28559536	28562619	0
1	28562620	28573416	1
1	28573417	28586037	0
1	28586038	28609001	1
1	28609002	28655548	0
1	28655549	28662475	1
1	28662476	28696113	0
1	28696114	28826880	1
1	28826881	28832454	0
1	28832455	28865811	1
1	28865812	28879596	0
1	28879597	28905050	1
1	28905051	28918711	0
1	28918712	28921954	1
1	28921955	28929361	0
1	28929362	28969577	2
1	28969578	28995243	0
1	28995244	29045864	1
1	29045865	29063132	0
1	29063133	29096286	1
1	29096287	29138653	0
1	29138654	29190207	1
1	29190208	29213602	0
1	29213603	29445939	1
1	29445940	29446531	3
1	29446532	29446552	1
1	29446553	29450446	2
1	29450447	29474254	0
1	29474255	29508498	2
1	29508499	29519384	0
1	29519385	29557443	2
1	29557444	29563027	0
1	29563028	29653324	1
1	29653325	31184123	0
1	31184124	31196433	2
1	31196434	31205315	0
1	31205316	31230666	2
1	31230667	31342313	0
1	31342314	31381607	2
1	31381608	31404352	0
1	31404353	31538837	2
1	31538838	31652591	0
1	31652592	31712400	2
1	31712401	31732416	0
1	31732417	31769661	2
1	31769662	31769841	0
1	31769842	31837782	1
1	31837783	31838471	0
1	31838472	31849696	2
1	31849697	31882411	0
1	31882412	31902191	1
1	31902192	31902613	3
1	31902614	31907524	1
1	31907525	32042115	0
1	32042116	32053287	1
1	32053288	32083300	0
1	32083301	32095462	1
1	32095463	32098118	3
1	32098119	32110487	2
1	32110488	32117847	0
1	32117848	32169919	2
1	32169920	32192717	0
1	32192718	32230493	2
1	32230494	32256022	0
1	32256023	32281651	2
1	32281652	32372021	0
1	32372022	32379173	2
1	32379174	32380744	3
1	32380745	32408176	2
1	32408177	32479429	0
1	32479430	32509482	1
1	32509483	32538502	0
1	32538503	32568464	1
1	32568465	32573638	0
1	32573639	32642168	1
1	32642169	32645286	0
1	32645287	32663885	1
1	32663886	32665986	0
1	32665987	32670987	1
1	32670988	32671235	0
1	32671236	32674287	1
1	32674288	32674694	0
1	32674695	32681696	1
1	32681697	32681796	3
1	32681797	32687528	2
1	32687529	32687971	3
1	32687972	32697204	1
1	32697205	32712833	0
1	32712834	32714456	1
1	32714457	32716839	0
1	32716840	32751765	1
1	32751766	32757686	0
1	32757687	32799235	1
1	32799236	32799432	0
1	32799433	32801979	2
1	32801980	32819054	0
1	32819055	32826870	1
1	32826871	32827843	3
1	32827844	32829912	1
1	32829913	32830703	0
1	32830704	32860048	2
1	32860049	32930669	0
1	32930670	32962286	1
1	32962287	33005027	0
1	33005028	33065772	1
1	33065773	33071539	3
1	33071540	33116184	2
1	33116185	33116742	0
1	33116743	33145506	1
1	33145507	33145653	3
1	33145654	33145960	1
1	33145961	33151811	3
1	33151812	33169196	2
1	33169197	33207485	0
1	33207486	33240570	1
1	33240571	33240839	0
1	33240840	33282367	2
1	33282368	33283753	3
1	33283754	33324475	1
1	33324476	33327868	0
1	33327869	33338080	2
1	33338081	33352035	0
1	33352036	33360195	1
1	33360196	33360246	3
1	33360247	33366989	2
1	33366990	33402045	0
1	33402046	33430285	2
1	33430286	33439267	0
1	33439268	33439641	1
1	33439642	33473584	0
1	33473585	33502592	2
1	33502593	33546713	0
1	33546714	33586129	1
1	33586130	33611002	0
1	33611003	33647266	2
1	33647267	33722145	0
1	33722146	33766319	1
1	33766320	33772366	0
1	33772367	33786698	2
1	33786699	33789223	0
1	33789224	33896215	2
1	33896216	33938245	0
1	33938246	33962106	1
1	33962107	33979612	0
1	33979613	34326075	2
1	34326076	34330391	3
1	34330392	34630874	2
1	34630875	34632483	0
1	34632484	34684731	1
1	34684732	35220647	0
1	35220648	35224112	1
1	35224113	35225341	0
1	35225342	35229324	1
1	35229325	35246789	0
1	35246790	35251969	1
1	35251970	35258598	0
1	35258599	35261347	1
1	35261348	35318269	0
1	35318270	35325416	2
1	35325417	35331036	0
1	35331037	35395185	2
1	35395186	35447135	0
1	35447136	35497568	2
1	35497569	35525386	0
1	35525387	35581459	1
1	35581460	35648532	0
1	35648533	35658748	2
1	35658749	35734567	0
1	35734568	35887658	1
1	35887659	35899090	0
1	35899091	36023073	2
1	36023074	36023255	3
1	36023256	36032874	1
1	36032875	36038970	0
1	36038971	36060928	1
1	36060929	36067184	0
1	36067185	36107444	2
1	36107445	36179475	0
1	36179476	36185072	2
1	36185073	36185818	0
1	36185819	36235567	2
1	36235568	36273772	0
1	36273773	36323490	1
1	36323491	36335408	0
1	36335409	36395210	1
1	36395211	36396318	0
1	36396319	36538100	1
1	36538101	36549675	0
1	36549676	36553875	1
1	36553876	36554475	0
1	36554476	36559532	1
1	36559533	36560836	0
1	36560837	36590820	2
1	36590821	36602172	0
1	36602173	36615097	2
1	36615098	36621179	0
1	36621180	36646449	1
1	36646450	36690016	0
1	36690017	36770957	1
1	36770958	36771987	0
1	36771988	36786947	1
1	36786948	36787631	0
1	36787632	36789334	2
1	36789335	36789754	3
1	36789755	36794821	1
1	36794822	36805224	0
1	36805225	36851496	2
1	36851497	36859030	0
1	36859031	36863492	2
1	36863493	36881427	0
1	36881428	36916085	2
1	36916086	36921318	0
1	36921319	36930037	2
1	36930038	36931643	0
1	36931644	36948878	2
1	36948879	37261127	0
1	37261128	37499729	2
1	37499730	37940152	0
1	37940153	37949979	1
1	37949980	37958175	0
1	37958176	37980374	2
1	37980375	38000049	0
1	38000050	38019902	2
1	38019903	38022519	0
1	38022520	38032416	1
1	38032417	38032457	3
1	38032458	38061521	2
1	38061522	38076950	0
1	38076951	38100594	2
1	38100595	38147241	0
1	38147242	38157913	2
1	38157914	38158089	0
1	38158090	38175390	1
1	38175391	38179560	0
1	38179561	38230804	2
1	38230805	38259473	0
1	38259474	38266808	1
1	38266809	38268615	0
1	38268616	38272650	2
1	38272651	38273856	3
1	38273857	38275125	1
1	38275126	38275238	0
1	38275239	38325291	2
1	38325292	38326368	0
1	38326369	38412728	2
1	38412729	38422646	0
1	38422647	38456592	2
1	38456593	38462441	0
1	38462442	38471176	2
1	38471177	38478413	0
1	38478414	38490495	1
1	38490496	38509522	0
1	38509523	38512449	2
1	38512450	39303869	0
1	39303870	39325494	2
1	39325495	39328635	0
1	39328636	39347288	2
1	39347289	39351478	0
1	39351479	39407470	2
1	39407471	39456894	0
1	39456895	39471730	1
1	39471731	39491989	0
1	39491990	39500307	1
1	39500308	39546987	0
1	39546988	39952848	1
1	39952849	39957317	0
1	39957318	39991606	1
1	39991607	40026487	0
1	40026488	40042461	2
1	40042462	40089824	0
1	40089825	40105616	2
1	40105617	40124792	0
1	40124793	40137709	2
1	40137710	40144319	0
1	40144320	40157360	2
1	40157361	40157853	0
1	40157854	40222853	1
1	40222854	40229585	3
1	40229586	40254532	2
1	40254533	40306722	0
1	40306723	40349177	2
1	40349178	40361097	0
1	40361098	40367927	2
1	40367928	40420801	0
1	40420802	40435637	1
1	40435638	40505904	0
1	40505905	40538320	1
1	40538321	40538378	0
1	40538379	40563374	2
1	40563375	40627044	0
1	40627045	40706592	1
1	40706593	40713572	0
1	40713573	40717362	1
1	40717363	40723778	0
1	40723779	40759855	1
1	40759856	40766158	0
1	40766159	40782965	2
1	40782966	40810521	0
1	40810522	40888997	1
1	40888998	40915778	0
1	40915779	40929389	1
1	40929390	40942886	0
1	40942887	40962014	1
1	40962015	40974412	0
1	40974413	40982227	1
1	40982228	40997232	0
1	40997233	41013840	1
1	41013841	41086350	0
1	41086351	41131328	2
1	41131329	41157360	0
1	41157361	41237274	1
1	41237275	41249683	0
1	41249684	41306123	1
1	41306124	41326728	0
1	41326729	41328017	2
1	41328018	41445006	0
1	41445007	41478234	1
1	41478235	41481268	0
1	41481269	41488908	2
1	41488909	41492871	0
1	41492872	41707787	2
1	41707788	41827593	0
1	41827594	41849261	1
1	41849262	41944445	0
1	41944446	41950341	2
1	41950342	41972035	0
1	41972036	42384377	2
1	42384378	42619091	0
1	42619092	42621494	1
1	42621495	42628361	0
1	42628362	42630388	2
1	42630389	42642209	0
1	42642210	42801547	2
1	42801548	42846465	0
1	42846466	42888248	1
1	42888249	42895999	0
1	42896000	42921787	2
1	42921788	42921937	3
1	42921938	42926085	1
1	42926086	42929024	0
1	42929025	43120334	1
1	43120335	43124095	0
1	43124096	43142428	1
1	43142429	43148097	0
1	43148098	43168019	1
1	43168020	43198763	0
1	43198764	43205924	2
1	43205925	43212005	0
1	43212006	43232754	2
1	43232755	43232939	0
1	43232940	43263967	1
1	43263968	43272722	0
1	43272723	43282801	2
1	43282802	43282922	3
1	43282923	43282953	2
1	43282954	43310659	1
1	43310660	43312279	0
1	43312280	43318147	1
1	43318148	43391051	0
1	43391052	43424529	2
1	43424530	43610823	0
1	43610824	43622066	1
1	43622067	43629845	0
1	43629846	43637819	2
1	43637820	43638240	3
1	43638241	43720028	1
1	43720029	43735664	0
1	43735665	43739672	1
1	43739673	43747553	0
1	43747554	43751287	2
1	43751288	43766663	0
1	43766664	43788778	1
1	43788779	43803477	0
1	43803478	43818442	1
1	43818443	43824625	0
1	43824626	43828873	1
1	43828874	43829067	0
1	43829068	43833688	2
1	43833689	43849587	0
1	43849588	43855478	2
1	43855479	43855552	0
1	43855553	43916823	1
1	43916824	43918303	3
1	43918304	43919659	2
1	43919660	43996546	0
1	43996547	44089342	1
1	44089343	44115828	0
1	44115829	44171185	1
1	44171186	44173217	0
1	44173218	44396830	1
1	44396831	44398991	0
1	44398992	44402912	1
1	44402913	44412610	0
1	44412611	44433693	1
1	44433694	44435675	0
1	44435676	44439040	1
1	44439041	44440158	0
1	44440159	44443966	1
1	44443967	44444865	0
1	44444866	44456839	1
1	44456840	44457171	0
1	44457172	44457279	2
1	44457280	44462199	3
1	44462200	44497133	2
1	44497134	44584521	0
1	44584522	44600811	1
1	44600812	44679126	0
1	44679127	44686352	1
1	44686353	44686741	0
1	44686742	44820931	2
1	44820932	44870865	0
1	44870866	45100909	1
1	45100910	45117394	3
1	45117395	45117395	1
1	45117396	45140226	2
1	45140227	45140384	0
1	45140385	45191262	1
1	45191263	45205489	0
1	45205490	45233438	1
1	45233439	45241108	0
1	45241109	45244450	1
1	45244451	45249256	0
1	45249257	45253376	2
1	45253377	45265896	0
1	45265897	45271584	1
1	45271585	45271661	3
1	45271662	45272956	2
1	45272957	45274153	0
1	45274154	45279800	1
1	45279801	45285515	0
1	45285516	45308734	2
1	45308735	45316449	0
1	45316450	45452281	2
1	45452282	45468211	0
1	45468212	45477000	2
1	45477001	45477818	0
1	45477819	45481246	1
1	45481247	45482070	0
1	45482071	45672227	2
1	45672228	45792544	0
1	45792545	45794346	1
1	45794347	45794834	0
1	45794835	45805341	2
1	45805342	45806118	3
1	45806119	45806141	2
1	45806142	45809554	1
1	45809555	45809646	3
1	45809647	45956871	2
1	45956872	45960063	0
1	45960064	45965645	2
1	45965646	45965724	0
1	45965725	45976707	1
1	45976708	45976738	3
1	45976739	45988718	2
1	45988719	46016214	0
1	46016215	46035720	1
1	46035721	46049517	0
1	46049518	46084565	1
1	46084566	46085716	0
1	46085717	46089728	2
1	46089729	46092975	0
1	46092976	46152301	2
1	46152302	46152885	0
1	46152886	46159995	1
1	46159996	46160114	3
1	46160115	46216321	2
1	46216322	46269284	0
1	46269285	46501795	1
1	46501796	46505811	0
1	46505812	46640758	2
1	46640759	46642159	3
1	46642160	46651629	1
1	46651630	46654353	0
1	46654354	46669005	2
1	46669006	46685962	3
1	46685963	46685976	2
1	46685977	46686932	1
1	46686933	46713366	0
1	46713367	46744071	1
1	46744072	46744144	3
1	46744145	46769279	2
1	46769280	46769302	0
1	46769303	46782447	1
1	46782448	46805848	0
1	46805849	46827862	1
1	46827863	46859936	0
1	46859937	46879516	1
1	46879517	46972667	0
1	46972668	46979897	1
1	46979898	47013051	0
1	47013052	47017198	2
1	47017199	47023089	0
1	47023090	47082562	2
1	47082563	47098408	0
1	47098409	47134526	2
1	47134527	47138922	3
1	47138923	47184823	2
1	47184824	47264717	0
1	47264718	47285084	1
1	47285085	47394848	0
1	47394849	47407136	2
1	47407137	47427035	0
1	47427036	47516422	1
1	47516423	47533159	0
1	47533160	47583990	1
1	47583991	47603121	0
1	47603122	47615412	1
1	47615413	47649264	0
1	47649265	47656715	2
1	47656716	47681961	0
1	47681962	47697386	2
1	47697387	47715810	0
1	47715811	47779818	2
1	47779819	47799468	0
1	47799469	47844510	1
1	47844511	47881743	0
1	47881744	47883722	1
1	47883723	47901688	0
1	47901689	47906362	1
1	47906363	48226199	0
1	48226200	48462566	2
1	48462567	48569305	0
1	48569306	48569877	1
1	48569878	48688356	0
1	48688357	48714315	1
1	48714316	48761043	0
1	48761044	48937844	2
1	48937845	48998526	0
1	48998527	50459989	2
1	50459990	50461873	3
1	50461874	50489584	2
1	50489585	50513685	0
1	50513686	50669457	1
1	50669458	50883221	0
1	50883222	50889171	2
1	50889172	50905149	0
1	50905150	51425934	2
1	51425935	51426416	0
1	51426417	51440304	1
1	51440305	51567905	0
1	51567906	51613751	1
1	51613752	51701942	0
1	51701943	51739126	1
1	51739127	51752929	0
1	51752930	51810787	2
1	51810788	51819934	0
1	51819935	51984999	2
1	51985000	52042850	0
1	52042851	52254862	1
1	52254863	52254888	3
1	52254889	52344476	2
1	52344477	52373627	0
1	52373628	52456435	2
1	52456436	52485802	0
1	52485803	52521796	2
1	52521797	52521842	3
1	52521843	52556387	1
1	52556388	52608045	0
1	52608046	52812357	1
1	52812358	52816268	0
1	52816269	52831864	2
1	52831865	52838500	0
1	52838501	52870130	2
1	52870131	52870235	0
1	52870236	52873953	1
1	52873954	52886510	3
1	52886511	53019158	2
1	53019159	53068043	0
1	53068044	53074722	1
1	53074723	53099015	0
1	53099016	53122736	1
1	53122737	53152507	0
1	53152508	53164037	2
1	53164038	53192125	0
1	53192126	53293013	1
1	53293014	53308182	0
1	53308183	53360669	1
1	53360670	53361655	0
1	53361656	53392850	2
1	53392851	53392900	0
1	53392901	53517374	1
1	53517375	53527853	0
1	53527854	53551173	1
1	53551174	53552854	0
1	53552855	53608288	2
1	53608289	53662100	0
1	53662101	53679770	1
1	53679771	53679868	3
1	53679869	53686288	2
1	53686289	53692563	0
1	53692564	53704281	2
1	53704282	53711216	0
1	53711217	53793725	2
1	53793726	53925071	0
1	53925072	53933160	1
1	53933161	53971909	0
1	53971910	54199876	2
1	54199877	54231132	0
1	54231133	54304532	2
1	54304533	54317405	0
1	54317406	54356406	2
1	54356407	54357839	0
1	54357840	54376758	1
1	54376759	54382246	0
1	54382247	54411601	2
1	54411602	54411749	0
1	54411750	54433840	1
1	54433841	54474411	0
1	54474412	54483855	2
1	54483856	54497346	0
1	54497347	54519176	2
1	54519177	54519273	0
1	54519274	54565415	1
1	54565416	54569967	0
1	54569968	54571749	1
1	54571750	54604667	0
1	54604668	54619442	2
1	54619443	54635332	0
1	54635333	54637996	2
1	54637997	54638030	0
1	54638031	54665684	2
1	54665685	54665839	0
1	54665840	54691136	1
1	54691137	54692304	0
1	54692305	54703709	2
1	54703710	54704735	3
1	54704736	54879151	2
1	54879152	55013900	0
1	55013901	55074854	1
1	55074855	55075999	3
1	55076000	55104864	1
1	55104865	55107465	0
1	55107466	55175934	1
1	55175935	55181494	0
1	55181495	55208329	1
1	55208330	55222570	0
1	55222571	55230186	2
1	55230187	55245384	0
1	55245385	55266939	2
1	55266940	55271735	0
1	55271736	55307924	1
1	55307925	55315305	0
1	55315306	55352890	2
1	55352891	55446464	0
1	55446465	55457965	1
1	55457966	55464605	0
1	55464606	55476555	1
1	55476556	55505220	0
1	55505221	55530524	1
1	55530525	55532031	0
1	55532032	55680785	2
1	55680786	56960418	0
1	56960419	57045240	2
1	57045241	57110994	0
1	57110995	57181007	1
1	57181008	57184476	0
1	57184477	57285043	2
1	57285044	57320478	0
1	57320479	57383893	1
1	57383894	57394882	0
1	57394883	57431809	2
1	57431810	57460450	0
1	57460451	58716210	2
1	58716211	58933598	0
1	58933599	59012473	2
1	59012474	59041098	0
1	59041099	59043165	2
1	59043166	59120410	0
1	59120411	59165763	2
1	59165764	59246464	0
1	59246465	59249784	2
1	59249785	59762309	0
1	59762310	60228401	1
1	60228402	60280457	0
1	60280458	60342049	1
1	60342050	60358979	0
1	60358980	60392461	2
1	60392462	60456065	0
1	60456066	60539441	2
1	60539442	61330930	0
1	61330931	61928464	1
1	61928465	62146717	0
1	62146718	62191094	2
1	62191095	62208148	0
1	62208149	62629591	1
1	62629592	62660502	0
1	62660503	62677999	1
1	62678000	62702650	0
1	62702651	62785084	2
1	62785085	62901967	0
1	62901968	62917474	1
1	62917475	62920398	0
1	62920399	63063157	2
1	63063158	63071829	3
1	63071830	63073436	2
1	63073437	63075248	3
1	63075249	63153968	2
1	63153969	63249805	0
1	63249806	63331183	1
1	63331184	63788729	0
1	63788730	63790796	1
1	63790797	63833260	0
1	63833261	63904232	1
1	63904233	63906443	0
1	63906444	63988885	2
1	63988886	63989060	0
1	63989061	64038363	1
1	64038364	64058946	0
1	64058947	64125915	1
1	64125916	64239692	0
1	64239693	64647180	1
1	64647181	64669309	0
1	64669310	64733050	1
1	64733051	64936427	0
1	64936428	65158740	1
1	65158741	65210777	0
1	65210778	65298914	1
1	65298915	65432186	2
1	65432187	65613231	0
1	65613232	65697827	1
1	65697828	65720144	0
1	65720145	65881551	1
1	65881552	65886247	0
1	65886248	66107241	1
1	66107242	66258196	0
1	66258197	66840258	1
1	66840259	66999065	0
1	66999066	67131546	1
1	67131547	67142709	3
1	67142710	67213981	1
1	67213982	67218142	0
1	67218143	67244469	1
1	67244470	67263423	0
1	67263424	67266938	2
1	67266939	67278567	0
1	67278568	67390569	2
1	67390570	67390577	0
1	67390578	67454301	1
1	67454302	67465014	0
1	67465015	67519781	2
1	67519782	67557847	0
1	67557848	67632082	2
1	67632083	67697534	3
1	67697535	67697535	2
1	67697536	67725661	1
1	67725662	67773046	0
1	67773047	67862582	1
1	67862583	67873492	0
1	67873493	67896097	2
1	67896098	68150743	0
1	68150744	68154020	1
1	68154021	68167148	0
1	68167149	68299149	2
1	68299150	68511644	0
1	68511645	68517313	2
1	68517314	68564141	0
1	68564142	68698802	2
1	68698803	68894504	0
1	68894505	68915641	2
1	68915642	68939834	0
1	68939835	68962903	2
1	68962904	70034080	0
1	70034081	70589170	1
1	70589171	70610487	0
1	70610488	70671302	2
1	70671303	70671364	0
1	70671365	70718734	1
1	70718735	70726270	0
1	70726271	70820416	2
1	70820417	70820487	0
1	70820488	70851021	1
1	70851022	70876900	0
1	70876901	70905533	1
1	70905534	71318035	0
1	71318036	71513490	2
1	71513491	71528973	0
1	71528974	71546979	2
1	71546980	71861622	0
1	71861623	72748416	2
1	72748417	74491698	0
1	74491699	74663870	2
1	74663871	74663895	0
1	74663896	74935561	1
1	74935562	74978297	3
1	74978298	75010107	1
1	75010108	75033794	0
1	75033795	75139421	2
1	75139422	75171169	0
1	75171170	75198835	2
1	75198836	75199091	3
1	75199092	75232357	1
1	75232358	75594118	0
1	75594119	75627217	1
1	75627218	75667815	0
1	75667816	76076800	2
1	76076801	76190035	0
1	76190036	76229363	1
1	76229364	76251878	0
1	76251879	76260763	1
1	76260764	76262566	0
1	76262567	76378922	1
1	76378923	76384557	0
1	76384558	76398115	2
1	76398116	76540403	0
1	76540404	77100285	1
1	77100286	77333125	0
1	77333126	77531395	1
1	77531396	77554674	0
1	77554675	77685114	2
1	77685115	77747735	0
1	77747736	78025650	1
1	78025651	78030184	0
1	78030185	78149103	2
1	78149104	78161671	0
1	78161672	78225536	2
1	78225537	78245308	0
1	78245309	78344105	1
1	78344106	78354197	0
1	78354198	78409579	1
1	78409580	78414089	0
1	78414090	78444793	2
1	78444794	78445867	0
1	78445868	78483647	1
1	78483648	78511585	0
1	78511586	78604132	1
1	78604133	78769567	0
1	78769568	79005433	1
1	79005434	79085606	0
1	79085607	79111829	1
1	79111830	79115515	0
1	79115516	79129762	1
1	79129763	79355448	0
1	79355449	79472402	2
1	79472403	81771850	0
1	81771851	82458106	1
1	82458107	84330710	0
1	84330711	84464814	2
1	84464815	84543744	0
1	84543745	84704180	1
1	84704181	84764048	0
1	84764049	84855639	1
1	84855640	84864214	0
1	84864215	84880700	1
1	84880701	84944941	0
1	84944942	84963472	1
1	84963473	84964007	0
1	84964008	84972247	2
1	84972248	85015288	0
1	85015289	85040146	2
1	85040147	85093912	0
1	85093913	85100702	2
1	85100703	85109389	0
1	85109390	85156485	2
1	85156486	85277284	0
1	85277285	85358895	2
1	85358896	85391267	0
1	85391268	85462794	2
1	85462795	85464829	0
1	85464830	85483764	1
1	85483765	85514128	3
1	85514129	85598820	1
1	85598821	85622555	0
1	85622556	85666728	2
1	85666729	85717650	0
1	85717651	85725324	2
1	85725325	85731930	0
1	85731931	85742772	2
1	85742773	85784163	0
1	85784164	86043932	2
1	86043933	86046443	0
1	86046444	86049644	1
1	86049645	86115105	0
1	86115106	86174115	2
1	86174116	86194915	0
1	86194916	86622625	2
1	86622626	86814343	0
1	86814344	86862022	2
1	86862023	86889768	0
1	86889769	86922240	1
1	86922241	86934050	0
1	86934051	86965971	1
1	86965972	87012760	0
1	87012761	87046436	1
1	87046437	87170258	0
1	87170259	87213866	1
1	87213867	87328131	0
1	87328132	87380047	2
1	87380048	87380330	0
1	87380331	87634883	1
1	87634884	87794150	0
1	87794151	87814605	1
1	87814606	89149904	0
1	89149905	89301937	1
1	89301938	89318614	0
1	89318615	89357300	2
1	89357301	89401455	0
1	89401456	89458642	2
1	89458643	89472348	0
1	89472349	89488564	2
1	89488565	89518001	0
1	89518002	89531042	2
1	89531043	89573682	0
1	89573683	89591796	2
1	89591797	89597433	0
1	89597434	89641722	2
1	89641723	89646830	0
1	89646831	89664614	2
1	89664615	89724637	0
1	89724638	89738543	2
1	89738544	89829616	0
1	89829617	89852019	1
1	89852020	89990394	0
1	89990395	90063422	1
1	90063423	90098630	0
1	90098631	90185091	1
1	90185092	90286572	0
1	90286573	90402169	1
1	90402170	90460673	0
1	90460674	90501089	1
1	90501090	91177095	0
1	91177096	91182793	2
1	91182794	91380858	0
1	91380859	91487828	2
1	91487829	91726322	0
1	91726323	91870425	2
1	91870426	91966407	0
1	91966408	91991320	1
1	91991321	92145901	0
1	92145902	92371891	2
1	92371892	92414927	0
1	92414928	92479982	1
1	92479983	92495538	0
1	92495539	92529092	1
1	92529093	92545861	0
1	92545862	92613392	1
1	92613393	92632541	0
1	92632542	92650279	1
1	92650280	92683496	0
1	92683497	92711369	1
1	92711370	92711958	0
1	92711959	92764521	2
1	92764522	92764532	3
1	92764533	92764543	2
1	92764544	92867612	1
1	92867613	92940318	0
1	92940319	92952432	2
1	92952433	92974252	0
1	92974253	93257960	2
1	93257961	93297581	0
1	93297582	93307480	1
1	93307481	93307723	0
1	93307724	93427056	2
1	93427057	93544791	0
1	93544792	93604637	1
1	93604638	93615298	0
1	93615299	93645475	2
1	93645476	93646284	3
1	93646285	93744286	1
1	93744287	93811444	0
1	93811445	93835054	1
1	93835055	93913687	0
1	93913688	94020217	1
1	94020218	94027346	0
1	94027347	94312705	2
1	94312706	94333372	0
1	94333373	94344761	2
1	94344762	94350760	0
1	94350761	94374965	2
1	94374966	94458392	0
1	94458393	94586687	2
1	94586688	94637306	0
1	94637307	94703188	2
1	94703189	94883932	0
1	94883933	94984218	1
1	94984219	94994780	0
1	94994781	95007355	2
1	95007356	95285897	0
1	95285898	95360801	1
1	95360802	95362506	0
1	95362507	95392833	2
1	95392834	95439962	0
1	95439963	95538500	2
1	95538501	95582893	0
1	95582894	95712780	1
1	95712781	96457544	0
1	96457545	96488435	1
1	96488436	97187338	0
1	97187339	97289293	1
1	97289294	97543298	0
1	97543299	98386604	2
1	98386605	99127235	0
1	99127236	99226055	1
1	99226056	99355805	0
1	99355806	99470587	2
1	99470588	99729508	0
1	99729509	99775145	1
1	99775146	100111498	0
1	100111499	100160096	1
1	100160097	100174258	0
1	100174259	100231348	2
1	100231349	100315639	0
1	100315640	100389578	1
1	100389579	100435344	0
1	100435345	100492447	1
1	100492448	100503652	0
1	100503653	100548932	1
1	100548933	100549118	0
1	100549119	100598510	2
1	100598511	100598705	0
1	100598706	100614408	1
1	100614409	100616052	3
1	100616053	100643770	2
1	100643771	100652474	0
1	100652475	100715389	2
1	100715390	100731762	0
1	100731763	100758324	1
1	100758325	100810583	0
1	100810584	100985832	1
1	100985833	101003692	0
1	101003693	101007573	1
1	101007574	101185297	0
1	101185298	101204600	1
1	101204601	101337942	0
1	101337943	101361553	2
1	101361554	101361631	0
1	101361632	101447308	1
1	101447309	101455618	0
1	101455619	101455760	2
1	101455761	101457652	3
1	101457653	101491327	2
1	101491328	101702443	0
1	101702444	101707073	1
1	101707074	102268129	0
1	102268130	102462585	2
1	102462586	103342022	0
1	103342023	103574051	2
1	103574052	104068312	0
1	104068313	104122150	1
1	104122151	104159998	0
1	104159999	104168401	1
1	104168402	104197911	0
1	104197912	104207172	1
1	104207173	104230036	0
1	104230037	104239301	2
1	104239302	104293027	0
1	104293028	104301311	1
1	104301312	107599266	0
1	107599267	107601915	1
1	107601916	107682628	0
1	107682629	108026079	1
1	108026080	108113781	0
1	108113782	108507765	2
1	108507766	108676657	0
1	108676658	108743470	2
1	108743471	108765962	0
1	108765963	108786688	2
1	108786689	108918420	0
1	108918421	109013623	1
1	109013624	109102710	0
1	109102711	109187521	1
1	109187522	109190911	0
1	109190912	109204147	2
1	109204148	109234944	0
1	109234945	109244424	1
1	109244425	109255278	0
1	109255279	109285364	1
1	109285365	109289309	0
1	109289310	109352147	1
1	109352148	109358519	0
1	109358520	109417971	2
1	109417972	109477166	3
1	109477167	109506110	2
1	109506111	109512835	0
1	109512836	109584849	2
1	109584850	109606761	0
1	109606762	109618623	2
1	109618624	109632424	0
1	109632425	109639555	1
1	109639556	109648572	0
1	109648573	109656300	2
1	109656301	109656478	3
1	109656479	109745850	1
1	109745851	109756539	0
1	109756540	109780769	1
1	109780770	109792640	0
1	109792641	109818371	1
1	109818372	109822177	0
1	109822178	109825807	2
1	109825808	109834986	0
1	109834987	109849662	2
1	109849663	109852191	0
1	109852192	109940572	2
1	109940573	109941652	0
1	109941653	109969061	2
1	109969062	110009179	0
1	110009180	110024758	1
1	110024759	110026560	0
1	110026561	110035355	1
1	110035356	110036673	0
1	110036674	110045553	1
1	110045554	110046796	0
1	110046797	110052359	2
1	110052360	110082493	0
1	110082494	110089881	1
1	110089882	110091232	0
1	110091233	110136974	1
1	110136975	110145888	0
1	110145889	110155678	2
1	110155679	110158725	0
1	110158726	110174672	1
1	110174673	110198702	0
1	110198703	110208117	1
1	110208118	110210643	0
1	110210644	110252170	1
1	110252171	110254863	0
1	110254864	110260887	1
1	110260888	110276553	0
1	110276554	110284383	2
1	110284384	110292701	0
1	110292702	110306648	2
1	110306649	110452863	0
1	110452864	110473613	1
1	110473614	110527307	0
1	110527308	110566356	1
1	110566357	110574198	0
1	110574199	110597262	1
1	110597263	110602615	0
1	110602616	110613321	2
1	110613322	110655061	0
1	110655062	110656568	1
1	110656569	110693107	0
1	110693108	110744823	1
1	110744824	110754094	0
1	110754095	110776665	1
1	110776666	110881127	0
1	110881128	110889298	1
1	110889299	110905469	0
1	110905470	110933703	2
1	110933704	110943870	0
1	110943871	110950563	2
1	110950564	110993821	0
1	110993822	110999975	1
1	110999976	111059838	0
1	111059839	111061796	2
1	111061797	111136201	0
1	111136202	111174095	2
1	111174096	111214309	0
1	111214310	111217654	2
1	111217655	111415774	0
1	111415775	111442549	1
1	111442550	111489806	0
1	111489807	111506700	2
1	111506701	111659954	0
1	111659955	111682248	2
1	111682249	111682661	3
1	111682662	111682837	2
1	111682838	111727723	1
1	111727724	111729795	0
1	111729796	111743392	2
1	111743393	111747030	3
1	111747031	111786061	1
1	111786062	111833483	0
1	111833484	111863187	1
1	111863188	111888909	0
1	111888910	111895634	1
1	111895635	111956935	0
1	111956936	111970398	2
1	111970399	111982511	0
1	111982512	111991557	2
1	111991558	111991997	3
1	111991998	112005394	1
1	112005395	112016413	0
1	112016414	112021133	1
1	112021134	112025969	0
1	112025970	112084839	2
1	112084840	112106583	3
1	112106584	112259312	1
1	112259313	112264685	0
1	112264686	112297926	2
1	112297927	112298445	3
1	112298446	112310637	1
1	112310638	112313283	0
1	112313284	112531776	2
1	112531777	112938802	0
1	112938803	113003785	1
1	113003786	113009162	0
1	113009163	113066139	1
1	113066140	113072786	3
1	113072787	113161794	2
1	113161795	113162039	3
1	113162040	113214240	1
1	113214241	113217042	0
1	113217043	113243367	1
1	113243368	113243727	0
1	113243728	113258098	2
1	113258099	113263040	0
1	113263041	113269856	1
1	113269857	113454468	0
1	113454469	113499634	2
1	113499635	113615830	0
1	113615831	113674881	1
1	113674882	113933370	0
1	113933371	114228544	1
1	114228545	114239823	0
1	114239824	114302097	2
1	114302098	114304453	0
1	114304454	114355097	2
1	114355098	114356432	0
1	114356433	114414380	2
1	114414381	114423324	0
1	114423325	114430168	2
1	114430169	114437369	0
1	114437370	114447762	2
1	114447763	114447822	3
1	114447823	114456707	1
1	114456708	114471813	0
1	114471814	114520425	1
1	114520426	114522062	0
1	114522063	114524875	1
1	114524876	114631913	0
1	114631914	114696540	2
1	114696541	114935398	0
1	114935399	115053780	2
1	115053781	115110177	0
1	115110178	115124259	2
1	115124260	115125468	0
1	115125469	115212731	2
1	115212732	115215718	0
1	115215719	115238238	2
1	115238239	115247089	0
1	115247090	115259514	2
1	115259515	115259533	0
1	115259534	115301296	2
1	115301297	115312099	0
1	115312100	115323305	2
1	115323306	115397423	0
1	115397424	115537990	1
1	115537991	115572414	0
1	115572415	115576940	1
1	115576941	115590631	0
1	115590632	115632120	2
1	115632121	115828538	0
1	115828539	115880856	2
1	115880857	116184573	0
1	116184574	116240844	1
1	116240845	116242627	0
1	116242628	116311401	2
1	116311402	116378997	0
1	116378998	116386537	2
1	116386538	116519118	0
1	116519119	116612674	1
1	116612675	116654375	0
1	116654376	116677860	1
1	116677861	116915289	0
1	116915290	116915889	1
1	116915890	116926717	3
1	116926718	116952882	1
1	116952883	117057156	0
1	117057157	117113660	2
1	117113661	117117030	0
1	117117031	117210374	2
1	117210375	117236733	0
1	117236734	117249224	1
1	117249225	117297006	0
1	117297007	117311849	1
1	117311850	117452678	0
1	117452679	117532979	1
1	117532980	117544381	0
1	117544382	117579166	1
1	117579167	117602924	0
1	117602925	117650074	1
1	117650075	117653681	0
1	117653682	117665208	2
1	117665209	117686208	0
1	117686209	117753555	2
1	117753556	117910070	0
1	117910071	118071493	1
1	118071494	118148555	0
1	118148556	118170993	1
1	118170994	118406106	0
1	118406107	118472252	2
1	118472253	118472342	0
1	118472343	118496486	1
1	118496487	118509164	3
1	118509165	118727845	2
1	118727846	119425668	0
1	119425669	119532178	2
1	119532179	119573838	0
1	119573839	119683293	2
1	119683294	119911401	0
1	119911402	119936752	1
1	119936753	119957553	0
1	119957554	119965657	1
1	119965658	120049820	0
1	120049821	120057680	1
1	120057681	120162044	0
1	120162045	120190395	2
1	120190396	120254509	0
1	120254510	120286837	1
1	120286838	120290618	0
1	120290619	120311527	2
1	120311528	120336640	0
1	120336641	120354282	2
1	120354283	120436155	0
1	120436156	120439117	2
1	120439118	120454175	0
1	120454176	120612239	2
1	120612240	120839004	0
1	120839005	120855680	1
1	120855681	120926978	0
1	120926979	120935936	2
1	120935937	143767143	0
1	143767144	143767880	2
1	143767881	143896451	0
1	143896452	143913142	2
1	143913143	144146807	0
1	144146808	144224480	1
1	144224481	144339737	0
1	144339738	144363461	1
1	144363462	144364245	3
1	144364246	144521057	1
1	144521058	144811743	0
1	144811744	144830412	1
1	144830413	144851423	0
1	144851424	144989308	2
1	144989309	144991364	3
1	144991365	145076185	2
1	145076186	145209118	0
1	145209119	145370302	1
1	145370303	145413094	0
1	145413095	145417544	1
1	145417545	145438468	0
1	145438469	145442634	1
1	145442635	145456235	0
1	145456236	145470386	2
1	145470387	145470507	0
1	145470508	145475645	1
1	145475646	145477084	0
1	145477085	145501668	1
1	145501669	145507597	0
1	145507598	145513535	1
1	145513536	145516251	0
1	145516252	145523729	1
1	145523730	145524890	0
1	145524891	145543867	1
1	145543868	145549229	0
1	145549230	145568525	1
1	145568526	145575232	0
1	145575233	145586114	1
1	145586115	145586545	3
1	145586546	145589438	2
1	145589439	145592604	0
1	145592605	145610936	2
1	145610937	145611035	0
1	145611036	145695797	1
1	145695798	145696217	3
1	145696218	145715613	2
1	145715614	145726917	0
1	145726918	145764073	1
1	145764074	145764410	0
1	145764411	145827102	2
1	145827103	145883867	0
1	145883868	145924372	1
1	145924373	146032646	0
1	146032647	146082764	2
1	146082765	146373545	0
1	146373546	146467743	1
1	146467744	146626684	0
1	146626685	146644122	2
1	146644123	146655883	0
1	146655884	146697464	2
1	146697465	146714290	0
1	146714291	146767442	1
1	146767443	147013181	0
1	147013182	147098016	1
1	147098017	147101452	0
1	147101453	147142617	2
1	147142618	147228331	0
1	147228332	147245483	2
1	147245484	147374945	0
1	147374946	147381392	1
1	147381393	147400505	0
1	147400506	147465570	1
1	147465571	147575799	0
1	147575800	147610080	2
1	147610081	147631966	0
1	147631967	147632427	2
1	147632428	147954634	0
1	147954635	147955418	2
1	147955419	148003641	0
1	148003642	148025862	2
1	148025863	148201751	0
1	148201752	148202535	2
1	148202536	148250248	0
1	148250249	148347505	2
1	148347506	148560842	0
1	148560843	148596266	1
1	148596267	148739442	0
1	148739443	148758310	1
1	148758311	149400130	0
1	149400131	149400541	2
1	149400542	149449933	0
1	149449934	149459548	2
1	149459549	149553002	0
1	149553003	149553786	1
1	149553787	149675977	0
1	149675978	149676608	1
1	149676609	149754226	0
1	149754227	149754244	1
1	149754245	149762945	3
1	149762946	149783927	2
1	149783928	149784825	0
1	149784826	149785235	2
1	149785236	149804226	0
1	149804227	149804941	1
1	149804942	149811109	0
1	149811110	149812764	2
1	149812765	149813504	0
1	149813505	149814477	2
1	149814478	149822642	0
1	149822643	149823190	1
1	149823191	149824180	0
1	149824181	149825606	1
1	149825607	149825835	3
1	149825836	149832713	2
1	149832714	149856009	0
1	149856010	149858231	2
1	149858232	149858524	0
1	149858525	149858960	1
1	149858961	149859018	0
1	149859019	149859439	2
1	149859440	149859465	3
1	149859466	149872344	1
1	149872345	149874869	0
1	149874870	149889433	2
1	149889434	149895208	0
1	149895209	149900235	2
1	149900236	149900543	0
1	149900544	149908790	2
1	149908791	149909704	0
1	149909705	149982624	2
1	149982625	150039368	0
1	150039369	150117504	1
1	150117505	150121372	0
1	150121373	150132259	1
1	150132260	150190716	0
1	150190717	150208503	2
1	150208504	150229553	0
1	150229554	150237477	1
1	150237478	150237803	0
1	150237804	150240599	2
1	150240600	150241398	3
1	150241399	150241702	2
1	150241703	150253326	1
1	150253327	150254952	0
1	150254953	150259504	1
1	150259505	150266288	0
1	150266289	150281413	1
1	150281414	150293924	0
1	150293925	150325670	1
1	150325671	150337125	0
1	150337126	150449041	1
1	150449042	150459886	0
1	150459887	150480077	1
1	150480078	150480551	0
1	150480552	150486264	1
1	150486265	150521883	0
1	150521884	150533412	1
1	150533413	150533479	0
1	150533480	150533968	2
1	150533969	150547031	0
1	150547032	150552065	2
1	150552066	150573326	0
1	150573327	150602071	2
1	150602072	150618700	0
1	150618701	150669629	2
1	150669630	150670535	0
1	150670536	150693360	2
1	150693361	150702671	0
1	150702672	150738432	2
1	150738433	150768683	0
1	150768684	150780798	2
1	150780799	150782180	0
1	150782181	150849243	2
1	150849244	150898738	0
1	150898739	150936145	1
1	150936146	150937210	3
1	150937211	150937212	1
1	150937213	150947478	2
1	150947479	150954492	0
1	150954493	150968109	1
1	150968110	150969024	0
1	150969025	150980850	2
1	150980851	150980952	0
1	150980953	151008188	1
1	151008189	151009045	0
1	151009046	151020075	1
1	151020076	151020215	0
1	151020216	151023446	1
1	151023447	151023895	3
1	151023896	151030233	2
1	151030234	151040969	3
1	151040970	151042800	2
1	151042801	151043079	0
1	151043080	151098017	1
1	151098018	151104160	0
1	151104161	151119103	2
1	151119104	151129104	0
1	151129105	151132223	1
1	151132224	151132224	3
1	151132225	151133060	1
1	151133061	151138423	3
1	151138424	151142461	1
1	151142462	151142772	3
1	151142773	151148491	2
1	151148492	151148779	0
1	151148780	151162688	2
1	151162689	151170424	0
1	151170425	151222011	1
1	151222012	151227178	0
1	151227179	151239954	1
1	151239955	151252499	0
1	151252500	151254093	2
1	151254094	151254404	3
1	151254405	151264272	1
1	151264273	151264655	3
1	151264656	151300190	2
1	151300191	151313115	0
1	151313116	151319832	2
1	151319833	151336777	0
1	151336778	151345208	2
1	151345209	151372009	0
1	151372010	151374419	1
1	151374420	151375199	0
1	151375200	151431940	2
1	151431941	151482985	0
1	151482986	151511167	1
1	151511168	151512780	0
1	151512781	151556058	1
1	151556059	151584557	0
1	151584558	151671566	1
1	151671567	151674879	0
1	151674880	151682908	2
1	151682909	151688527	3
1	151688528	151689289	2
1	151689290	151702081	1
1	151702082	151732118	0
1	151732119	151735444	2
1	151735445	151736039	3
1	151736040	151743807	1
1	151743808	151744039	0
1	151744040	151763891	2
1	151763892	151772739	0
1	151772740	151804347	2
1	151804348	151810294	0
1	151810295	151813032	2
1	151813033	151819738	0
1	151819739	151826172	2
1	151826173	151846059	0
1	151846060	151882283	2
1	151882284	151955390	0
1	151955391	151966865	2
1	151966866	152004981	0
1	152004982	152009510	2
1	152009511	152056619	0
1	152056620	152061539	2
1	152061540	152078792	0
1	152078793	152086555	2
1	152086556	152126070	0
1	152126071	152131703	2
1	152131704	152184557	0
1	152184558	152196668	2
1	152196669	152274650	0
1	152274651	152297678	2
1	152297679	152321210	0
1	152321211	152332481	2
1	152332482	152381718	0
1	152381719	152386738	2
1	152386739	152483319	0
1	152483320	152484652	1
1	152484653	152486977	0
1	152486978	152488485	1
1	152488486	152538129	0
1	152538130	152539247	2
1	152539248	152551856	0
1	152551857	152552979	2
1	152552980	152573137	0
1	152573138	152573561	1
1	152573562	152586286	0
1	152586287	152586573	1
1	152586574	152595309	0
1	152595310	152595578	2
1	152595579	152635871	0
1	152635872	152637134	1
1	152637135	152647770	0
1	152647771	152659876	1
1	152659877	152670839	0
1	152670840	152671917	1
1	152671918	152680635	0
1	152680636	152681966	1
1	152681967	152691997	0
1	152691998	152692904	1
1	152692905	152730505	0
1	152730506	152734528	1
1	152734529	152748847	0
1	152748848	152749444	1
1	152749445	152758689	0
1	152758690	152760901	1
1	152760902	152769226	0
1	152769227	152770656	1
1	152770657	152777310	0
1	152777311	152779106	2
1	152779107	152784446	0
1	152784447	152785584	1
1	152785585	152799948	0
1	152799949	152800572	1
1	152800573	152815343	0
1	152815344	152816458	1
1	152816459	152850792	0
1	152850793	152857522	1
1	152857523	152881020	0
1	152881021	152884361	1
1	152884362	152943141	0
1	152943142	152945049	1
1	152945050	152956556	0
1	152956557	152958288	1
1	152958289	152974222	0
1	152974223	152976331	1
1	152976332	153003677	0
1	153003678	153005375	1
1	153005376	153012200	0
1	153012201	153014406	2
1	153014407	153028588	0
1	153028589	153030012	2
1	153030013	153042699	0
1	153042700	153113926	2
1	153113927	153122057	0
1	153122058	153123344	2
1	153123345	153175918	0
1	153175919	153177595	1
1	153177596	153190059	0
1	153190060	153191792	1
1	153191793	153232175	0
1	153232176	153234597	1
1	153234598	153270337	0
1	153270338	153283193	2
1	153283194	153302595	0
1	153302596	153321315	2
1	153321316	153330329	0
1	153330330	153333502	1
1	153333503	153346183	0
1	153346184	153348124	2
1	153348125	153362507	0
1	153362508	153363663	2
1	153363664	153388999	0
1	153389000	153395700	1
1	153395701	153409533	0
1	153409534	153412424	2
1	153412425	153430219	0
1	153430220	153433176	2
1	153433177	153507074	0
1	153507075	153508719	2
1	153508720	153509622	0
1	153509623	153514240	2
1	153514241	153516088	0
1	153516089	153522611	2
1	153522612	153533583	0
1	153533584	153540365	2
1	153540366	153579361	0
1	153579362	153585558	2
1	153585559	153586730	0
1	153586731	153589461	2
1	153589462	153591274	0
1	153591275	153600401	2
1	153600402	153600655	3
1	153600656	153600872	2
1	153600873	153604512	3
1	153604513	153606524	2
1	153606525	153606567	3
1	153606568	153618781	1
1	153618782	153631129	0
1	153631130	153634305	1
1	153634306	153634511	0
1	153634512	153643523	2
1	153643524	153651112	0
1	153651113	153666467	1
1	153666468	153700542	0
1	153700543	153746554	1
1	153746555	153746829	0
1	153746830	153752632	1
1	153752633	153777200	0
1	153777201	153895450	2
1	153895451	153901976	0
1	153901977	153919171	2
1	153919172	153920150	0
1	153920151	153931100	2
1	153931101	153931574	0
1	153931575	153940187	2
1	153940188	153940345	0
1	153940346	153946744	1
1	153946745	153946831	3
1	153946832	153946838	1
1	153946839	153950163	2
1	153950164	153954126	0
1	153954127	153958827	2
1	153958828	153963234	0
1	153963235	153964625	1
1	153964626	153965160	0
1	153965161	154127591	2
1	154127592	154127783	0
1	154127784	154167123	2
1	154167124	154171847	0
1	154171848	154178808	2
1	154178809	154179181	0
1	154179182	154192654	2
1	154192655	154193081	3
1	154193082	154193103	2
1	154193104	154243985	1
1	154243986	154244986	0
1	154244987	154248350	1
1	154248351	154293591	0
1	154293592	154297800	1
1	154297801	154298028	0
1	154298029	154323782	1
1	154323783	154377668	0
1	154377669	154441925	1
1	154441926	154442247	0
1	154442248	154474588	2
1	154474589	154474694	0
1	154474695	154520622	1
1	154520623	154521052	0
1	154521053	154531108	2
1	154531109	154540256	0
1	154540257	154552501	1
1	154552502	154554537	0
1	154554538	154585066	2
1	154585067	154585189	3
1	154585190	154600473	2
1	154600474	154669930	0
1	154669931	154842755	2
1	154842756	154897209	0
1	154897210	154909466	2
1	154909467	154916551	0
1	154916552	154928596	2
1	154928597	154929501	0
1	154929502	154934511	2
1	154934512	154934773	0
1	154934774	154946870	2
1	154946871	154947128	0
1	154947129	154951724	1
1	154951725	154955827	0
1	154955828	154965586	1
1	154965587	154966063	0
1	154966064	154966617	1
1	154966618	154975126	0
1	154975127	154990997	1
1	154990998	154991008	0
1	154991009	155006256	2
1	155006257	155006299	0
1	155006300	155023405	1
1	155023406	155023761	0
1	155023762	155035251	1
1	155035252	155036206	0
1	155036207	155060013	1
1	155060014	155099935	0
1	155099936	155107332	1
1	155107333	155107819	0
1	155107820	155111328	1
1	155111329	155112366	0
1	155112367	155113070	2
1	155113071	155141883	0
1	155141884	155145872	2
1	155145873	155154534	3
1	155154535	155162705	2
1	155162706	155165378	0
1	155165379	155177707	2
1	155177708	155178489	0
1	155178490	155183614	1
1	155183615	155204242	0
1	155204243	155214489	2
1	155214490	155216995	0
1	155216996	155225177	2
1	155225178	155225769	0
1	155225770	155232220	2
1	155232221	155232658	0
1	155232659	155247373	2
1	155247374	155247500	3
1	155247501	155259629	1
1	155259630	155259638	3
1	155259639	155271224	2
1	155271225	155278538	0
1	155278539	155290456	1
1	155290457	155290686	0
1	155290687	155300904	1
1	155300905	155305058	0
1	155305059	155532597	2
1	155532598	155579978	0
1	155579979	155629236	1
1	155629237	155658790	3
1	155658791	155718152	1
1	155718153	155719507	0
1	155719508	155829190	2
1	155829191	155829299	0
1	155829300	155854989	1
1	155854990	155867598	0
1	155867599	155881194	2
1	155881195	155882833	0
1	155882834	155904189	2
1	155904190	155911479	0
1	155911480	155912624	1
1	155912625	155916629	0
1	155916630	155976860	2
1	155976861	155978838	0
1	155978839	155990749	2
1	155990750	156005091	0
1	156005092	156023584	2
1	156023585	156024542	0
1	156024543	156028300	1
1	156028301	156030950	0
1	156030951	156040294	1
1	156040295	156041803	0
1	156041804	156051788	2
1	156051789	156052368	0
1	156052369	156109879	1
1	156109880	156117156	0
1	156117157	156147542	1
1	156147543	156163879	0
1	156163880	156182586	1
1	156182587	156182772	0
1	156182773	156213122	1
1	156213123	156213205	0
1	156213206	156217880	2
1	156217881	156219014	0
1	156219015	156252619	2
1	156252620	156252738	0
1	156252739	156262233	1
1	156262234	156262478	0
1	156262479	156265462	2
1	156265463	156268414	0
1	156268415	156269427	2
1	156269428	156278758	0
1	156278759	156307104	2
1	156307105	156308255	3
1	156308256	156308293	2
1	156308294	156316780	3
1	156316781	156337663	2
1	156337664	156339002	0
1	156339003	156355010	1
1	156355011	156374043	0
1	156374044	156399214	2
1	156399215	156433518	0
1	156433519	156470619	2
1	156470620	156495196	0
1	156495197	156542331	2
1	156542332	156549518	0
1	156549519	156556561	1
1	156556562	156561553	0
1	156561554	156564090	1
1	156564091	156564278	0
1	156564279	156571281	2
1	156571282	156589085	0
1	156589086	156595516	1
1	156595517	156611181	0
1	156611182	156629319	1
1	156629320	156638554	0
1	156638555	156647188	2
1	156647189	156669397	0
1	156669398	156675607	2
1	156675608	156691682	0
1	156691683	156698233	2
1	156698234	156698590	3
1	156698591	156706740	1
1	156706741	156707094	0
1	156707095	156711381	2
1	156711382	156711898	0
1	156711899	156722239	2
1	156722240	156737291	0
1	156737292	156770606	1
1	156770607	156776034	0
1	156776035	156785447	2
1	156785448	156786625	3
1	156786626	156786653	2
1	156786654	156809854	1
1	156809855	156828809	3
1	156828810	156851641	1
1	156851642	156863511	0
1	156863512	156886225	1
1	156886226	156890441	0
1	156890442	156902885	1
1	156902886	156904631	0
1	156904632	157015161	2
1	157015162	157061835	0
1	157061836	157069599	2
1	157069600	157090982	0
1	157090983	157108265	2
1	157108266	157483166	0
1	157483167	157522309	2
1	157522310	157543538	0
1	157543539	157567869	2
1	157567870	157646270	0
1	157646271	157670646	2
1	157670647	157715522	0
1	157715523	157746921	2
1	157746922	157764325	0
1	157764326	157789894	2
1	157789895	157800703	0
1	157800704	157811587	2
1	157811588	157963062	0
1	157963063	158070051	1
1	158070052	158149736	0
1	158149737	158154685	1
1	158154686	158223926	0
1	158223927	158228058	1
1	158228059	158259575	0
1	158259576	158263419	1
1	158263420	158297740	0
1	158297741	158301320	2
1	158301321	158323253	0
1	158323254	158327342	1
1	158327343	158368311	0
1	158368312	158369255	2
1	158369256	158389717	0
1	158389718	158390655	2
1	158390656	158435271	0
1	158435272	158436343	1
1	158436344	158449667	0
1	158449668	158450674	1
1	158450675	158516917	0
1	158516918	158517894	2
1	158517895	158532440	0
1	158532441	158533393	2
1	158533394	158548708	0
1	158548709	158549688	2
1	158549689	158576228	0
1	158576229	158577169	1
1	158577170	158580495	0
1	158580496	158656487	2
1	158656488	158669368	0
1	158669369	158670485	2
1	158670486	158686957	0
1	158686958	158687952	2
1	158687953	158724509	0
1	158724510	158725680	1
1	158725681	158735465	0
1	158735466	158736491	2
1	158736492	158746471	0
1	158746472	158747424	2
1	158747425	158801106	0
1	158801107	158819295	1
1	158819296	158900585	0
1	158900586	158946843	1
1	158946844	158969757	0
1	158969758	159024944	1
1	159024945	159032273	0
1	159032274	159110297	2
1	159110298	159141398	0
1	159141399	159176289	1
1	159176290	159259503	0
1	159259504	159278013	1
1	159278014	159283459	0
1	159283460	159284448	2
1	159284449	159409511	0
1	159409512	159410599	1
1	159410600	159504792	0
1	159504793	159505841	2
1	159505842	159557614	0
1	159557615	159558654	1
1	159558655	159682078	0
1	159682079	159684378	2
1	159684379	159750721	0
1	159750722	159752332	1
1	159752333	159770301	0
1	159770302	159786040	1
1	159786041	159796539	0
1	159796540	159804263	1
1	159804264	159807038	3
1	159807039	159832446	2
1	159832447	159842153	0
1	159842154	159869952	2
1	159869953	159879883	0
1	159879884	159880158	2
1	159880159	159887896	0
1	159887897	159895521	2
1	159895522	159896828	0
1	159896829	159915385	2
1	159915386	159921281	0
1	159921282	159924043	2
1	159924044	159997461	0
1	159997462	160001782	2
1	160001783	160007256	0
1	160007257	160040037	2
1	160040038	160051359	0
1	160051360	160060352	1
1	160060353	160061129	0
1	160061130	160068732	2
1	160068733	160085562	0
1	160085563	160113380	1
1	160113381	160121359	0
1	160121360	160156766	1
1	160156767	160160284	0
1	160160285	160171675	1
1	160171676	160175126	0
1	160175127	160185165	1
1	160185166	160185504	0
1	160185505	160254935	2
1	160254936	160259062	0
1	160259063	160313061	2
1	160313062	160313189	3
1	160313190	160328741	1
1	160328742	160336856	0
1	160336857	160342637	1
1	160342638	160370375	0
1	160370376	160398467	1
1	160398468	160454819	0
1	160454820	160493051	2
1	160493052	160510884	0
1	160510885	160549305	2
1	160549306	160577889	0
1	160577890	160617084	2
1	160617085	160648535	0
1	160648536	160681640	2
1	160681641	160709038	0
1	160709039	160724610	1
1	160724611	160765863	0
1	160765864	160798050	1
1	160798051	160799949	0
1	160799950	160832691	2
1	160832692	160846328	0
1	160846329	160854959	2
1	160854960	160914814	0
1	160914815	160924588	2
1	160924589	160965000	0
1	160965001	160991137	2
1	160991138	161007420	0
1	161007421	161008779	2
1	161008780	161009040	0
1	161009041	161015766	2
1	161015767	161016737	0
1	161016738	161035654	2
1	161035655	161035942	3
1	161035943	161039759	2
1	161039760	161040784	0
1	161040785	161059388	2
1	161059389	161068183	0
1	161068184	161070135	1
1	161070136	161070345	0
1	161070346	161087890	2
1	161087891	161087900	3
1	161087901	161090763	1
1	161090764	161090856	3
1	161090857	161091576	1
1	161091577	161095234	3
1	161095235	161102477	2
1	161102478	161123541	0
1	161123542	161128645	1
1	161128646	161129239	0
1	161129240	161135512	1
1	161135513	161136199	0
1	161136200	161141099	1
1	161141100	161146881	3
1	161146882	161146906	1
1	161146907	161147286	2
1	161147287	161154097	0
1	161154098	161168845	2
1	161168846	161169104	0
1	161169105	161184184	1
1	161184185	161185068	0
1	161185069	161192081	1
1	161192082	161192295	3
1	161192296	161193420	2
1	161193421	161195792	0
1	161195793	161199455	1
1	161199456	161200396	3
1	161200397	161200407	1
1	161200408	161208091	2
1	161208092	161228516	0
1	161228517	161255239	1
1	161255240	161274524	0
1	161274525	161279761	2
1	161279762	161284046	0
1	161284047	161332983	1
1	161332984	161334520	0
1	161334521	161337663	2
1	161337664	161475219	0
1	161475220	161489756	1
1	161489757	161494035	0
1	161494036	161496680	1
1	161496681	161511548	0
1	161511549	161551100	2
1	161551101	161600916	3
1	161600917	161648443	1
1	161648444	161676761	0
1	161676762	161684140	1
1	161684141	161691352	0
1	161691353	161697932	1
1	161697933	161719559	0
1	161719560	161726951	1
1	161726952	161736083	0
1	161736084	161933859	1
1	161933860	161952981	0
1	161952982	161993643	2
1	161993644	162039563	0
1	162039564	162342992	1
1	162342993	162346659	3
1	162346660	162356599	1
1	162356600	162365055	0
1	162365056	162381915	2
1	162381916	162467040	0
1	162467041	162499418	1
1	162499419	162531322	0
1	162531323	162569626	1
1	162569627	162601162	0
1	162601163	162757189	1
1	162757190	162760512	0
1	162760513	162782606	1
1	162782607	162821105	0
1	162821106	162838604	2
1	162838605	163038564	0
1	163038565	163046591	1
1	163046592	163112093	0
1	163112094	163187425	2
1	163187426	163236365	0
1	163236366	163325553	1
1	163325554	164528436	0
1	164528437	164854299	1
1	164854300	165171103	0
1	165171104	165325951	2
1	165325952	165370158	0
1	165370159	165414432	2
1	165414433	165513243	0
1	165513244	165533197	1
1	165533198	165600097	0
1	165600098	165631032	1
1	165631033	165631452	0
1	165631453	165668099	2
1	165668100	165696031	0
1	165696032	165796767	2
1	165796768	165796991	3
1	165796992	165877606	1
1	165877607	166026678	0
1	166026679	166028708	2
1	166028709	166039255	0
1	166039256	166136205	2
1	166136206	166808680	0
1	166808681	166825580	1
1	166825581	166825746	0
1	166825747	166845563	2
1	166845564	166882442	0
1	166882443	166944718	2
1	166944719	166958345	0
1	166958346	166991450	1
1	166991451	167022072	0
1	167022073	167059867	2
1	167059868	167063281	0
1	167063282	167098401	1
1	167098402	167190065	0
1	167190066	167396581	1
1	167396582	167399876	0
1	167399877	167487846	2
1	167487847	167510249	0
1	167510250	167523003	2
1	167523004	167599329	0
1	167599330	167675485	1
1	167675486	167691186	0
1	167691187	167761155	1
1	167761156	167778624	0
1	167778625	167883452	2
1	167883453	167885966	0
1	167885967	167905898	2
1	167905899	167906277	3
1	167906278	168045080	1
1	168045081	168053996	0
1	168053997	168106820	2
1	168106821	168148170	0
1	168148171	168169949	1
1	168169950	168195187	0
1	168195188	168222262	1
1	168222263	168250277	0
1	168250278	168283663	1
1	168283664	168510002	0
1	168510003	168513234	2
1	168513235	168545710	0
1	168545711	168551314	1
1	168551315	168664696	0
1	168664697	168698501	2
1	168698502	169074934	0
1	169074935	169101768	1
1	169101769	169101959	3
1	169101960	169337204	2
1	169337205	169337207	0
1	169337208	169364107	1
1	169364108	169365777	3
1	169365778	169429906	2
1	169429907	169433146	0
1	169433147	169455240	2
1	169455241	169483403	0
1	169483404	169555825	2
1	169555826	169558086	0
1	169558087	169599430	2
1	169599431	169659807	0
1	169659808	169680838	2
1	169680839	169691780	0
1	169691781	169733845	2
1	169733846	169761669	0
1	169761670	169764106	2
1	169764107	169764180	0
1	169764181	169818771	1
1	169818772	169823220	3
1	169823221	169863407	2
1	169863408	169890466	0
1	169890467	170043835	2
1	170043836	170115141	0
1	170115142	170136930	1
1	170136931	170501269	0
1	170501270	170522586	1
1	170522587	170632274	0
1	170632275	170708559	1
1	170708560	170904611	0
1	170904612	171033905	1
1	171033906	171060017	0
1	171060018	171086958	1
1	171086959	171107240	0
1	171107241	171130534	1
1	171130535	171154346	0
1	171154347	171181821	1
1	171181822	171217637	0
1	171217638	171255116	1
1	171255117	171283372	0
1	171283373	171311222	1
1	171311223	171454650	0
1	171454651	171562649	1
1	171562650	171604556	0
1	171604557	171621822	2
1	171621823	171669299	0
1	171669300	171711386	2
1	171711387	171750787	0
1	171750788	171766856	1
1	171766857	171810620	0
1	171810621	172387605	1
1	172387606	172389827	0
1	172389828	172410596	1
1	172410597	172413199	3
1	172413200	172437970	1
1	172437971	172501488	0
1	172501489	172580970	1
1	172580971	172628153	0
1	172628154	172636013	1
1	172636014	173009099	0
1	173009100	173020102	2
1	173020103	173152872	0
1	173152873	173176451	2
1	173176452	173446404	0
1	173446405	173457945	1
1	173457946	173469602	0
1	173469603	173572232	2
1	173572233	173578699	0
1	173578700	173639000	2
1	173639001	173684108	0
1	173684109	173755839	1
1	173755840	173768687	0
1	173768688	173793459	2
1	173793460	173793640	0
1	173793641	173827683	1
1	173827684	173837219	0
1	173837220	173872686	1
1	173872687	173872946	0
1	173872947	173886515	2
1	173886516	173900351	0
1	173900352	173991434	2
1	173991435	174128547	0
1	174128548	174964444	1
1	174964445	174968299	0
1	174968300	174980850	1
1	174980851	174982093	0
1	174982094	174992560	2
1	174992561	175036993	0
1	175036994	175117201	1
1	175117202	175126122	0
1	175126123	175162078	2
1	175162079	175284329	0
1	175284330	175712905	2
1	175712906	175913966	0
1	175913967	176176628	2
1	176176629	176432306	0
1	176432307	176814734	1
1	176814735	176826437	0
1	176826438	177134023	2
1	177134024	177140632	0
1	177140633	177251557	1
1	177251558	177898280	0
1	177898281	177939347	2
1	177939348	178062863	0
1	178062864	178448643	1
1	178448644	178482211	0
1	178482212	178500692	1
1	178500693	178511886	0
1	178511887	178518023	1
1	178518024	178694299	0
1	178694300	178818839	1
1	178818840	178840186	3
1	178840187	178889237	1
1	178889238	178994938	0
1	178994939	179045696	1
1	179045697	179050511	0
1	179050512	179067157	1
1	179067158	179068461	0
1	179068462	179198818	2
1	179198819	179262924	0
1	179262925	179327814	1
1	179327815	179334854	0
1	179334855	179443715	1
1	179443716	179457804	3
1	179457805	179519673	1
1	179519674	179523869	3
1	179523870	179545086	2
1	179545087	179560747	0
1	179560748	179660406	1
1	179660407	179712297	0
1	179712298	179785332	1
1	179785333	179809101	0
1	179809102	179846937	2
1	179846938	179851176	0
1	179851177	179894134	1
1	179894135	179923872	0
1	179923873	180084014	1
1	180084015	180123968	0
1	180123969	180173164	1
1	180173165	180199420	0
1	180199421	180249379	1
1	180249380	180257364	0
1	180257365	180472088	2
1	180472089	180601139	0
1	180601140	180859386	1
1	180859387	180882324	0
1	180882325	180920749	1
1	180920750	180941694	0
1	180941695	180941860	1
1	180941861	180949867	3
1	180949868	180992046	2
1	180992047	181003066	0
1	181003067	181031073	1
1	181031074	181057637	0
1	181057638	181059976	1
1	181059977	181382237	0
1	181382238	181777218	1
1	181777219	182023704	0
1	182023705	182030846	2
1	182030847	182350838	0
1	182350839	182361340	2
1	182361341	182367251	0
1	182367252	182369750	2
1	182369751	182419280	0
1	182419281	182529692	1
1	182529693	182542768	0
1	182542769	182558390	2
1	182558391	182567757	0
1	182567758	182573542	2
1	182573543	182615238	0
1	182615239	182642048	2
1	182642049	182758903	0
1	182758904	182799518	1
1	182799519	182808503	0
1	182808504	182856885	1
1	182856886	182868999	0
1	182869000	182922504	2
1	182922505	182992594	0
1	182992595	183114726	1
1	183114727	183155372	0
1	183155373	183214034	1
1	183214035	183217371	0
1	183217372	183387736	2
1	183387737	183441505	0
1	183441506	183523327	1
1	183523328	183524697	0
1	183524698	183560010	2
1	183560011	183592400	0
1	183592401	183604891	2
1	183604892	183605219	0
1	183605220	183615540	1
1	183615541	183622447	3
1	183622448	183897664	1
1	183897665	183898795	0
1	183898796	184006862	2
1	184006863	184020810	0
1	184020811	184043345	1
1	184043346	184356191	0
1	184356192	184598153	1
1	184598154	184659364	0
1	184659365	184724046	2
1	184724047	184759857	0
1	184759858	184943681	2
1	184943682	185014495	0
1	185014496	185071739	1
1	185071740	185087219	0
1	185087220	185126115	2
1	185126116	185126211	0
1	185126212	185260896	1
1	185260897	185265519	0
1	185265520	185286460	2
1	185286461	185703682	0
1	185703683	186160084	1
1	186160085	186265404	0
1	186265405	186280783	1
1	186280784	186283685	3
1	186283686	186283693	1
1	186283694	186344824	2
1	186344825	186344889	0
1	186344890	186364122	1
1	186364123	186365907	3
1	186365908	186390509	1
1	186390510	186412697	0
1	186412698	186430253	2
1	186430254	186640922	0
1	186640923	186649558	2
1	186649559	186798084	0
1	186798085	186958112	1
1	186958113	190066791	0
1	190066792	190446758	2
1	190446759	192127586	0
1	192127587	192154944	1
1	192154945	192286121	0
1	192286122	192336414	1
1	192336415	192544856	0
1	192544857	192549160	1
1	192549161	192605274	0
1	192605275	192629389	1
1	192629390	192778170	0
1	192778171	192781402	1
1	192781403	192981379	0
1	192981380	193028551	2
1	193028552	193028625	3
1	193028626	193028748	2
1	193028749	193029236	3
1	193029237	193060906	1
1	193060907	193065597	0
1	193065598	193075243	2
1	193075244	193091146	0
1	193091147	193148174	1
1	193148175	193155783	3
1	193155784	193223030	1
1	193223031	196194908	0
1	196194909	196578354	2
1	196578355	196621007	0
1	196621008	196716633	1
1	196716634	196743924	0
1	196743925	196763202	1
1	196763203	196788886	0
1	196788887	196928355	1
1	196928356	196946666	0
1	196946667	196978803	1
1	196978804	197008320	0
1	197008321	197036396	2
1	197036397	197053257	0
1	197053258	197115823	2
1	197115824	197122809	0
1	197122810	197169671	2
1	197169672	197170591	0
1	197170592	197447584	1
1	197447585	197473877	0
1	197473878	197744762	2
1	197744763	197871776	0
1	197871777	197876496	1
1	197876497	197881620	0
1	197881621	197904607	1
1	197904608	198126092	0
1	198126093	198291549	1
1	198291550	198492351	0
1	198492352	198510074	2
1	198510075	198607800	0
1	198607801	198726544	1
1	198726545	199996729	0
1	199996730	200146551	1
1	200146552	200374067	0
1	200374068	200379183	2
1	200379184	200520627	0
1	200520628	200589861	2
1	200589862	200593023	0
1	200593024	200639096	2
1	200639097	200708685	0
1	200708686	200829831	1
1	200829832	200842082	0
1	200842083	200843305	1
1	200843306	200860175	0
1	200860176	200884862	1
1	200884863	200938519	0
1	200938520	200992827	2
1	200992828	201008641	0
1	201008642	201081693	2
1	201081694	201083080	0
1	201083081	201096311	2
1	201096312	201103899	0
1	201103900	201140701	2
1	201140702	201159952	0
1	201159953	201198079	1
1	201198080	201252579	0
1	201252580	201302120	1
1	201302121	201328135	0
1	201328136	201368735	2
1	201368736	201373624	0
1	201373625	201398993	2
1	201398994	201434619	0
1	201434620	201438364	2
1	201438365	201452657	0
1	201452658	201478583	2
1	201478584	201592012	0
1	201592013	201796101	1
1	201796102	201798268	0
1	201798269	201853421	1
1	201853422	201857835	0
1	201857836	201861433	1
1	201861434	201865579	0
1	201865580	201915714	2
1	201915715	201924618	0
1	201924619	201939788	1
1	201939789	201951751	0
1	201951752	201975274	1
1	201975275	201977072	0
1	201977073	201986315	1
1	201986316	202091985	0
1	202091986	202102531	1
1	202102532	202102719	3
1	202102720	202113868	2
1	202113869	202116140	0
1	202116141	202130715	2
1	202130716	202163028	0
1	202163029	202288908	1
1	202288909	202300784	0
1	202300785	202311107	2
1	202311108	202317826	0
1	202317827	202559723	1
1	202559724	202561833	3
1	202561834	202679544	2
1	202679545	202696525	0
1	202696526	202778597	2
1	202778598	202789393	0
1	202789394	202796352	1
1	202796353	202848084	0
1	202848085	202858262	2
1	202858263	202860227	0
1	202860228	202897763	2
1	202897764	202909950	0
1	202909951	202927699	2
1	202927700	202930996	0
1	202930997	202936407	2
1	202936408	202976513	0
1	202976514	202993975	1
1	202993976	202995625	0
1	202995626	203047867	1
1	203047868	203052259	0
1	203052260	203055163	2
1	203055164	203059781	0
1	203059782	203136532	1
1	203136533	203136938	0
1	203136939	203144940	2
1	203144941	203148058	0
1	203148059	203155876	2
1	203155877	203185206	0
1	203185207	203198798	2
1	203198799	203274663	0
1	203274664	203278729	1
1	203278730	203309755	0
1	203309756	203320616	2
1	203320617	203444955	0
1	203444956	203460479	1
1	203460480	203463270	0
1	203463271	203477991	1
1	203477992	203595688	0
1	203595689	203713208	1
1	203713209	203734303	0
1	203734304	203745244	1
1	203745245	203764781	0
1	203764782	203823251	1
1	203823252	203830742	0
1	203830743	203839677	1
1	203839678	204042731	0
1	204042732	204096862	1
1	204096863	204100189	0
1	204100190	204121306	2
1	204121307	204123943	0
1	204123944	204135464	2
1	204135465	204159468	0
1	204159469	204165613	2
1	204165614	204167287	0
1	204167288	204183219	2
1	204183220	204187978	0
1	204187979	204329043	2
1	204329044	204372514	0
1	204372515	204380918	2
1	204380919	204391755	0
1	204391756	204463851	2
1	204463852	204485510	0
1	204485511	204542870	1
1	204542871	204586297	0
1	204586298	204654860	2
1	204654861	204797781	0
1	204797782	204991949	1
1	204991950	205012324	0
1	205012325	205047626	1
1	205047627	205052257	0
1	205052258	205053644	2
1	205053645	205055269	0
1	205055270	205091142	2
1	205091143	205111631	0
1	205111632	205180726	2
1	205180727	205197303	0
1	205197304	205242470	1
1	205242471	205271186	0
1	205271187	205290882	2
1	205290883	205305219	0
1	205305220	205326217	2
1	205326218	205350505	0
1	205350506	205419058	2
1	205419059	205473722	0
1	205473723	205501920	1
1	205501921	205538104	0
1	205538105	205572045	1
1	205572046	205577070	0
1	205577071	205601089	2
1	205601090	205626978	0
1	205626979	205649586	2
1	205649587	205681946	0
1	205681947	205682496	2
1	205682497	205684152	3
1	205684153	205719403	2
1	205719404	205737113	0
1	205737114	205744586	2
1	205744587	205758220	0
1	205758221	205782303	2
1	205782304	205797149	0
1	205797150	205819244	2
1	205819245	205882175	0
1	205882176	205912587	2
1	205912588	206137236	0
1	206137237	206155150	1
1	206155151	206223975	0
1	206223976	206231638	1
1	206231639	206238871	0
1	206238872	206288646	2
1	206288647	206317458	0
1	206317459	206332103	1
1	206332104	206516199	0
1	206516200	206637782	1
1	206637783	206643790	0
1	206643791	206664448	1
1	206664449	206670222	3
1	206670223	206671060	2
1	206671061	206680878	0
1	206680879	206762598	1
1	206762599	206764973	0
1	206764974	206785903	2
1	206785904	206808880	0
1	206808881	206822541	1
1	206822542	206858288	0
1	206858289	206907627	1
1	206907628	206940946	0
1	206940947	206945838	2
1	206945839	206972214	0
1	206972215	207016323	1
1	207016324	207038698	0
1	207038699	207042567	1
1	207042568	207070787	0
1	207070788	207077483	1
1	207077484	207077730	0
1	207077731	207096591	2
1	207096592	207101862	0
1	207101863	207119810	2
1	207119811	207131311	0
1	207131312	207143969	2
1	207143970	207191865	0
1	207191866	207206100	2
1	207206101	207217193	0
1	207217194	207222800	2
1	207222801	207224421	3
1	207224422	207226324	2
1	207226325	207254368	1
1	207254369	207262186	0
1	207262187	207273337	1
1	207273338	207277606	0
1	207277607	207318316	1
1	207318317	207494852	0
1	207494853	207534310	1
1	207534311	207627574	0
1	207627575	207663239	1
1	207663240	207669501	0
1	207669502	207813991	1
1	207813992	207818518	0
1	207818519	207897047	1
1	207897048	207925401	0
1	207925402	207968857	1
1	207968858	208059883	0
1	208059884	208084746	2
1	208084747	208195586	0
1	208195587	208417664	2
1	208417665	209757061	0
1	209757062	209787282	1
1	209787283	209788214	0
1	209788215	209825810	2
1	209825811	209848764	0
1	209848765	209849732	1
1	209849733	209859509	0
1	209859510	209908294	1
1	209908295	209929376	0
1	209929377	209955660	1
1	209955661	209955664	3
1	209955665	209957903	2
1	209957904	209959035	0
1	209959036	209979464	2
1	209979465	210001351	0
1	210001352	210030909	1
1	210030910	210111537	0
1	210111538	210337635	1
1	210337636	210406143	0
1	210406144	210419599	1
1	210419600	210501595	0
1	210501596	210849637	1
1	210849638	210856554	0
1	210856555	211307456	2
1	211307457	211431718	0
1	211431719	211489726	1
1	211489727	211499956	0
1	211499957	211548287	1
1	211548288	211649863	0
1	211649864	211666258	2
1	211666259	211744909	0
1	211744910	211752083	2
1	211752084	211836113	0
1	211836114	211848959	2
1	211848960	211916798	0
1	211916799	212004113	2
1	212004114	212113742	0
1	212113743	212208883	2
1	212208884	212208918	0
1	212208919	212278347	1
1	212278348	212458878	0
1	212458879	212535199	1
1	212535200	212537272	0
1	212537273	212588242	2
1	212588243	212606228	0
1	212606229	212619713	1
1	212619714	212738675	0
1	212738676	212794118	1
1	212794119	212797788	0
1	212797789	212800119	1
1	212800120	212859759	0
1	212859760	212873326	2
1	212873327	212899494	0
1	212899495	212965123	2
1	212965124	212965169	0
1	212965170	212989967	1
1	212989968	213003482	0
1	213003483	213020990	2
1	213020991	213031596	0
1	213031597	213072704	1
1	213072705	213123861	0
1	213123862	213164926	1
1	213164927	213165523	0
1	213165524	213189167	2
1	213189168	213224588	0
1	213224589	213448115	1
1	213448116	214156523	0
1	214156524	214214594	1
1	214214595	214454575	0
1	214454576	214510473	1
1	214510474	214522038	0
1	214522039	214724565	2
1	214724566	214776537	0
1	214776538	214837930	1
1	214837931	215179197	0
1	215179198	215410435	1
1	215410436	215740734	0
1	215740735	215795148	1
1	215795149	215796235	0
1	215796236	216596737	2
1	216596738	216676587	0
1	216676588	217311096	2
1	217311097	217600333	0
1	217600334	217804423	2
1	217804424	217804665	0
1	217804666	218045037	1
1	218045038	218458628	0
1	218458629	218511324	1
1	218511325	218519576	0
1	218519577	218617960	1
1	218617961	218683437	0
1	218683438	218699319	1
1	218699320	219347185	0
1	219347186	219386206	1
1	219386207	220088495	0
1	220088496	220131988	2
1	220131989	220141942	0
1	220141943	220219999	2
1	220220000	220230823	0
1	220230824	220263803	2
1	220263804	220267443	0
1	220267444	220321379	1
1	220321380	220321634	0
1	220321635	220445795	2
1	220445796	220603285	0
1	220603286	220608022	2
1	220608023	220701567	0
1	220701568	220837802	1
1	220837803	220863186	0
1	220863187	220872498	1
1	220872499	220921610	0
1	220921611	220958149	1
1	220958150	220960100	0
1	220960101	220987729	1
1	220987730	221051698	0
1	221051699	221058400	1
1	221058401	221874765	0
1	221874766	221915517	2
1	221915518	222695601	0
1	222695602	222721444	2
1	222721445	222731243	0
1	222731244	222763274	2
1	222763275	222791427	0
1	222791428	222841353	1
1	222841354	222841354	0
1	222841355	222885894	2
1	222885895	222886525	3
1	222886526	222908537	1
1	222908538	222910548	0
1	222910549	222924001	1
1	222924002	223045612	0
1	223045613	223179336	1
1	223179337	223282747	0
1	223282748	223316623	2
1	223316624	223394160	0
1	223394161	223537543	2
1	223537544	223566714	0
1	223566715	223568811	1
1	223568812	223711349	0
1	223711350	223853435	2
1	223853436	223889294	0
1	223889295	223963719	1
1	223963720	223967600	0
1	223967601	224033673	2
1	224033674	224215759	0
1	224215760	224216370	2
1	224216371	224301788	0
1	224301789	224349748	1
1	224349749	224363457	0
1	224363458	224381142	1
1	224381143	224415035	0
1	224415036	224518088	2
1	224518089	224544551	0
1	224544552	224567153	1
1	224567154	224572844	0
1	224572845	224624734	2
1	224624735	224803994	0
1	224803995	224928250	1
1	224928251	225083963	0
1	225083964	225586995	1
1	225586996	225589203	0
1	225589204	225600403	2
1	225600404	225602039	3
1	225602040	225616626	2
1	225616627	225674536	0
1	225674537	225840843	2
1	225840844	225965530	0
1	225965531	225978167	1
1	225978168	225997793	0
1	225997794	226033236	1
1	226033237	226033259	3
1	226033260	226070068	2
1	226070069	226073981	0
1	226073982	226111977	2
1	226111978	226124297	0
1	226124298	226129188	2
1	226129189	226170402	0
1	226170403	226187031	2
1	226187032	226249551	0
1	226249552	226259701	1
1	226259702	226332379	0
1	226332380	226374430	2
1	226374431	226411318	0
1	226411319	226414754	1
1	226414755	226418849	0
1	226418850	226497569	2
1	226497570	226548391	0
1	226548392	226595779	2
1	226595780	226736500	0
1	226736501	226796914	1
1	226796915	226819390	0
1	226819391	226927023	2
1	226927024	227057884	0
1	227057885	227083805	1
1	227083806	227085236	0
1	227085237	227175245	1
1	227175246	227177565	0
1	227177566	227506174	2
1	227506175	227751243	0
1	227751244	227865143	1
1	227865144	227916357	0
1	227916358	227918889	1
1	227918890	227923111	3
1	227923112	227968926	1
1	227968927	228003393	0
1	228003394	228034170	1
1	228034171	228106356	0
1	228106357	228135598	2
1	228135599	228194751	0
1	228194752	228248960	1
1	228248961	228270360	0
1	228270361	228286911	1
1	228286912	228288431	0
1	228288432	228291162	2
1	228291163	228294379	0
1	228294380	228297012	2
1	228297013	228327662	0
1	228327663	228336684	1
1	228336685	228337552	0
1	228337553	228347526	1
1	228347527	228351786	0
1	228351787	228353212	2
1	228353213	228353515	0
1	228353516	228369957	1
1	228369958	228391206	0
1	228391207	228395830	2
1	228395831	228401360	3
1	228401361	228566576	1
1	228566577	228581373	0
1	228581374	228594540	2
1	228594541	228595640	0
1	228595641	228604561	2
1	228604562	228612545	0
1	228612546	228613025	2
1	228613026	228645064	0
1	228645065	228645559	2
1	228645560	228645807	0
1	228645808	228646258	1
1	228646259	228674761	0
1	228674762	228683466	1
1	228683467	228870823	0
1	228870824	228882415	1
1	228882416	229385382	0
1	229385383	229387556	1
1	229387557	229406878	0
1	229406879	229441640	1
1	229441641	229456757	0
1	229456758	229478734	2
1	229478735	229566991	0
1	229566992	229569844	2
1	229569845	229577044	0
1	229577045	229644102	2
1	229644103	229652328	0
1	229652329	229694441	2
1	229694442	229728857	0
1	229728858	229761793	2
1	229761794	229761980	0
1	229761981	229795945	1
1	229795946	230193535	0
1	230193536	230417869	1
1	230417870	230457391	0
1	230457392	230561474	2
1	230561475	230778237	0
1	230778238	230829727	1
1	230829728	230838268	0
1	230838269	230850042	2
1	230850043	230883129	0
1	230883130	230937748	1
1	230937749	230972864	0
1	230972865	231005334	2
1	231005335	231041988	0
1	231041989	231114606	2
1	231114607	231114794	0
1	231114795	231136340	1
1	231136341	231154703	0
1	231154704	231175991	2
1	231175992	231297857	0
1	231297858	231357301	1
1	231357302	231359508	0
1	231359509	231376923	2
1	231376924	231376952	0
1	231376953	231413718	1
1	231413719	231468479	0
1	231468480	231472849	2
1	231472850	231473577	3
1	231473578	231473597	2
1	231473598	231490768	1
1	231490769	231499496	0
1	231499497	231560789	2
1	231560790	231664398	0
1	231664399	231702269	1
1	231702270	231762560	0
1	231762561	232177017	1
1	232177018	232533710	0
1	232533711	232697303	2
1	232697304	232940642	0
1	232940643	232946091	1
1	232946092	233086369	0
1	233086370	233119180	1
1	233119181	233119627	3
1	233119628	233431458	2
1	233431459	233463513	0
1	233463514	233520893	1
1	233520894	233749749	0
1	233749750	233808257	1
1	233808258	234040678	0
1	234040679	234460261	1
1	234460262	234509201	0
1	234509202	234519794	1
1	234519795	234527058	0
1	234527059	234614848	2
1	234614849	234740014	0
1	234740015	234745270	2
1	234745271	235272650	0
1	235272651	235292250	2
1	235292251	235294497	0
1	235294498	235324771	2
1	235324772	235330209	0
1	235330210	235490664	2
1	235490665	235491531	3
1	235491532	235491533	2
1	235491534	235507846	1
1	235507847	235530674	0
1	235530675	235612282	1
1	235612283	235613237	0
1	235613238	235667780	2
1	235667781	235710986	0
1	235710987	235814053	2
1	235814054	235824340	0
1	235824341	236046871	2
1	236046872	236139129	0
1	236139130	236228461	2
1	236228462	236305831	0
1	236305832	236372205	1
1	236372206	236378854	0
1	236378855	236445318	2
1	236445319	236511561	0
1	236511562	236648213	1
1	236648214	236681299	0
1	236681300	236712304	1
1	236712305	236716280	3
1	236716281	236767803	2
1	236767804	236849753	0
1	236849754	236927930	1
1	236927931	236958609	0
1	236958610	237067280	1
1	237067281	237167402	0
1	237167403	237167717	2
1	237167718	237205504	0
1	237205505	237997287	1
1	237997288	238045704	0
1	238045705	238054093	2
1	238054094	238107023	0
1	238107024	238108574	2
1	238108575	239792372	0
1	239792373	240078749	1
1	240078750	240177647	0
1	240177648	240629182	1
1	240629183	240638488	3
1	240638489	240643503	2
1	240643504	240652872	0
1	240652873	240775448	2
1	240775449	240931553	0
1	240931554	241520529	2
1	241520530	241660902	0
1	241660903	241683060	2
1	241683061	241695433	0
1	241695434	241756425	1
1	241756426	241758943	3
1	241758944	241803700	2
1	241803701	241815579	0
1	241815580	241965434	1
1	241965435	242011268	0
1	242011269	242053240	1
1	242053241	242158791	0
1	242158792	242162374	2
1	242162375	242246287	0
1	242246288	242687997	2
1	242687998	243287729	0
1	243287730	243388057	2
1	243388058	243395910	3
1	243395911	243418649	2
1	243418650	243419319	0
1	243419320	243651534	1
1	243651535	243663387	3
1	243663388	243663393	1
1	243663394	244014380	2
1	244014381	244214584	0
1	244214585	244220777	1
1	244220778	244227631	0
1	244227632	244231210	1
1	244231211	244515936	0
1	244515937	244552392	1
1	244552393	244571795	0
1	244571796	244615435	2
1	244615436	244624677	0
1	244624678	244803805	1
1	244803806	244816236	0
1	244816237	244872334	1
1	244872335	244998623	0
1	244998624	245008358	1
1	245008359	245014467	0
1	245014468	245027843	2
1	245027844	245132651	0
1	245132652	245133170	2
1	245133171	245134389	3
1	245134390	245290465	1
1	245290466	245318286	0
1	245318287	245872732	1
1	245872733	245912641	0
1	245912642	246670613	2
1	246670614	246703861	0
1	246703862	246729625	2
1	246729626	246729747	0
1	246729748	246831885	1
1	246831886	246887348	0
1	246887349	246931438	1
1	246931439	247002399	0
1	247002400	247095279	2
1	247095280	247108976	0
1	247108977	247171394	2
1	247171395	247200085	0
1	247200086	247242056	2
1	247242057	247263263	0
1	247263264	247267673	2
1	247267674	247273461	0
1	247273462	247275718	2
1	247275719	247285276	0
1	247285277	247335317	2
1	247335318	247460713	0
1	247460714	247495044	2
1	247495045	247579457	0
1	247579458	247612409	1
1	247612410	247614254	0
1	247614255	247615307	2
1	247615308	247670359	0
1	247670360	247693433	1
1	247693434	247697140	3
1	247697141	247740991	1
1	247740992	247751661	0
1	247751662	247752614	1
1	247752615	247768855	0
1	247768856	247769837	1
1	247769838	247835319	0
1	247835320	247836364	2
1	247836365	247875044	0
1	247875045	247876104	2
1	247876105	247886400	0
1	247886401	247887344	2
1	247887345	247901916	0
1	247901917	247902860	1
1	247902861	247920675	0
1	247920676	247921981	2
1	247921982	247978101	0
1	247978102	247979030	2
1	247979031	248004198	0
1	248004199	248005253	2
1	248005254	248020500	0
1	248020501	248060448	1
1	248060449	248084319	0
1	248084320	248085257	1
1	248085258	248097070	0
1	248097071	248098056	1
1	248098057	248100492	0
1	248100493	248264223	1
1	248264224	248308449	0
1	248308450	248309387	1
1	248309388	248343287	0
1	248343288	248344330	1
1	248344331	248366331	0
1	248366332	248367391	1
1	248367392	248402230	0
1	248402231	248403165	1
1	248403166	248436072	0
1	248436073	248437137	2
1	248437138	248457917	0
1	248457918	248458879	2
1	248458880	248486893	0
1	248486894	248487898	2
1	248487899	248512076	0
1	248512077	248513014	1
1	248513015	248524882	0
1	248524883	248525928	1
1	248525929	248550909	0
1	248550910	248551835	1
1	248551836	248569295	0
1	248569296	248570404	1
1	248570405	248604507	0
1	248604508	248605433	1
1	248605434	248616076	0
1	248616077	248617129	1
1	248617130	248636626	0
1	248636627	248637633	1
1	248637634	248651884	0
1	248651885	248652897	1
1	248652898	248684915	0
1	248684916	248685963	1
1	248685964	248721783	0
1	248721784	248722796	2
1	248722797	248737021	0
1	248737022	248738079	2
1	248738080	248756051	0
1	248756052	248757099	2
1	248757100	248789419	0
1	248789420	248790490	2
1	248790491	248801587	0
1	248801588	248802558	2
1	248802559	248813231	0
1	248813232	248814184	2
1	248814185	248844627	0
1	248844628	248845628	2
1	248845629	248902715	0
1	248902716	248903149	2
1	248903150	249104649	0
1	249104650	249120831	2
1	249120832	249132478	0
1	249132479	249143715	1
1	249143716	249144204	0
1	249144205	249153283	2
1	249153284	249200394	0
1	249200395	249214144	1
