<CHROM>	<START>	<END>	<TSB>
22	0	16256440	0
22	16256441	16287936	2
22	16287937	16448823	0
22	16448824	16449804	2
22	16449805	17071666	0
22	17071667	17073699	2
22	17073700	17264301	0
22	17264302	17302588	2
22	17302589	17442825	0
22	17442826	17489111	2
22	17489112	17565848	0
22	17565849	17596582	1
22	17596583	17597188	0
22	17597189	17602256	2
22	17602257	17602484	0
22	17602485	17612993	1
22	17612994	17618400	0
22	17618401	17646176	2
22	17646177	17660193	0
22	17660194	17702878	2
22	17702879	17840836	0
22	17840837	18037849	1
22	18037850	18043138	0
22	18043139	18073759	1
22	18073760	18074901	0
22	18074902	18111583	2
22	18111584	18111681	0
22	18111682	18213387	1
22	18213388	18216905	0
22	18216906	18257430	2
22	18257431	18270414	0
22	18270415	18507324	2
22	18507325	18560688	0
22	18560689	18588161	1
22	18588162	18593096	0
22	18593097	18629320	1
22	18629321	18632665	0
22	18632666	18660163	1
22	18660164	18721426	0
22	18721427	18745406	1
22	18745407	18834323	0
22	18834324	18839321	1
22	18839322	18893540	0
22	18893541	18899600	1
22	18899601	18900293	0
22	18900294	18924065	2
22	18924066	19023794	0
22	19023795	19109966	2
22	19109967	19117791	0
22	19117792	19118320	2
22	19118321	19120133	3
22	19120134	19132196	2
22	19132197	19136088	0
22	19136089	19137795	2
22	19137796	19163094	0
22	19163095	19166342	2
22	19166343	19166985	0
22	19166986	19279238	2
22	19279239	19318220	0
22	19318221	19419424	2
22	19419425	19423597	3
22	19423598	19435754	2
22	19435755	19437432	0
22	19437433	19466737	2
22	19466738	19466981	0
22	19466982	19508134	1
22	19508135	19510546	0
22	19510547	19515067	2
22	19515068	19701986	0
22	19701987	19712293	1
22	19712294	19744225	0
22	19744226	19770746	1
22	19770747	19771115	3
22	19771116	19842461	2
22	19842462	19863039	0
22	19863040	19929129	2
22	19929130	19929332	3
22	19929333	19957418	1
22	19957419	19957497	3
22	19957498	20004330	2
22	20004331	20004536	0
22	20004537	20053448	1
22	20053449	20067754	0
22	20067755	20099388	1
22	20099389	20099393	3
22	20099394	20099397	1
22	20099398	20103460	2
22	20103461	20104817	3
22	20104818	20104914	2
22	20104915	20114877	1
22	20114878	20116978	0
22	20116979	20135529	1
22	20135530	20135949	0
22	20135950	20138398	2
22	20138399	20228937	0
22	20228938	20256053	2
22	20256054	20301798	0
22	20301799	20307602	2
22	20307603	20366205	0
22	20366206	20368027	2
22	20368028	20456002	0
22	20456003	20461785	2
22	20461786	20692437	0
22	20692438	20704867	1
22	20704868	20716937	3
22	20716938	20745047	2
22	20745048	20748404	0
22	20748405	20761970	1
22	20761971	20778873	0
22	20778874	20792145	2
22	20792146	20795805	0
22	20795806	20850169	2
22	20850170	20850199	0
22	20850200	20941918	1
22	20941919	21061978	0
22	21061979	21128166	2
22	21128167	21142007	3
22	21142008	21213270	2
22	21213271	21213704	3
22	21213705	21245505	1
22	21245506	21271713	0
22	21271714	21308036	1
22	21308037	21319395	0
22	21319396	21335648	1
22	21335649	21336301	0
22	21336302	21353326	1
22	21353327	21354060	0
22	21354061	21356484	2
22	21356485	21358029	0
22	21358030	21360735	2
22	21360736	21369315	0
22	21369316	21383006	1
22	21383007	21383118	3
22	21383119	21387128	2
22	21387129	21400248	0
22	21400249	21418452	1
22	21418453	21477049	0
22	21477050	21482351	2
22	21482352	21562261	0
22	21562262	21581925	2
22	21581926	21737662	0
22	21737663	21743445	1
22	21743446	21771692	0
22	21771693	21805751	1
22	21805752	21899645	0
22	21899646	21903735	2
22	21903736	21905119	3
22	21905120	21905749	2
22	21905750	21978322	1
22	21978323	21982377	0
22	21982378	21984352	2
22	21984353	21987004	0
22	21987005	21991615	1
22	21991616	21996549	0
22	21996550	21998586	1
22	21998587	22020272	0
22	22020273	22051832	1
22	22051833	22052200	3
22	22052201	22054303	1
22	22054304	22090122	2
22	22090123	22108788	0
22	22108789	22221969	2
22	22221970	22273792	0
22	22273793	22307208	2
22	22307209	22311396	0
22	22311397	22337212	2
22	22337213	22599086	0
22	22599087	22599926	1
22	22599927	22838766	0
22	22838767	22863504	2
22	22863505	22868059	0
22	22868060	22874612	2
22	22874613	22890122	0
22	22890123	22901746	2
22	22901747	22901749	0
22	22901750	22909006	1
22	22909007	22988815	0
22	22988816	22990210	1
22	22990211	23229959	0
22	23229960	23238286	1
22	23238287	23401592	0
22	23401593	23412539	2
22	23412540	23467223	3
22	23467224	23487207	2
22	23487208	23487512	0
22	23487513	23506536	1
22	23506537	23522396	0
22	23522397	23660223	1
22	23660224	23915311	0
22	23915312	23922494	2
22	23922495	23950638	0
22	23950639	23974507	2
22	23974508	24030328	0
22	24030329	24041362	1
22	24041363	24083768	0
22	24083769	24093278	2
22	24093279	24094929	0
22	24094930	24096654	2
22	24096655	24105240	0
22	24105241	24108020	1
22	24108021	24108047	3
22	24108048	24110629	2
22	24110630	24115005	0
22	24115006	24124466	1
22	24124467	24126144	3
22	24126145	24126502	1
22	24126503	24129149	0
22	24129150	24176689	1
22	24176690	24176702	3
22	24176703	24181198	2
22	24181199	24198889	0
22	24198890	24236612	1
22	24236613	24237409	3
22	24237410	24237412	1
22	24237413	24241116	2
22	24241117	24299600	0
22	24299601	24303372	2
22	24303373	24309088	0
22	24309089	24313553	1
22	24313554	24314720	3
22	24314721	24322338	2
22	24322339	24322659	3
22	24322660	24326105	1
22	24326106	24376132	0
22	24376133	24384679	2
22	24384680	24407641	0
22	24407642	24574595	1
22	24574596	24577226	0
22	24577227	24585077	1
22	24585078	24615621	0
22	24615622	24641109	2
22	24641110	24666785	0
22	24666786	24813707	1
22	24813708	24819564	0
22	24819565	24838327	1
22	24838328	24863205	0
22	24863206	24922635	1
22	24922636	24936405	0
22	24936406	24951470	2
22	24951471	24951902	3
22	24951903	24978019	1
22	24978020	24979717	0
22	24979718	24981587	1
22	24981588	24989029	3
22	24989030	25024971	1
22	25024972	25115000	0
22	25115001	25170682	2
22	25170683	25202235	0
22	25202236	25323544	1
22	25323545	25331076	0
22	25331077	25342661	2
22	25342662	25348696	0
22	25348697	25593414	1
22	25593415	25595816	0
22	25595817	25603329	1
22	25603330	25615488	0
22	25615489	25627835	1
22	25627836	25747387	0
22	25747388	25801343	2
22	25801344	25960815	0
22	25960816	26125260	1
22	26125261	26138110	0
22	26138111	26427006	1
22	26427007	26565439	0
22	26565440	26779561	1
22	26779562	26825238	0
22	26825239	26840980	1
22	26840981	26847445	0
22	26847446	26879777	2
22	26879778	26879842	0
22	26879843	26887190	1
22	26887191	26890623	3
22	26890624	26908470	2
22	26908471	26921457	0
22	26921458	26992680	2
22	26992681	26995241	0
22	26995242	27014051	2
22	27014052	27017927	0
22	27017928	27026635	1
22	27026636	28144264	0
22	28144265	28197485	2
22	28197486	28247656	0
22	28247657	28316121	2
22	28316122	28374003	0
22	28374004	29075852	2
22	29075853	29083730	0
22	29083731	29138018	2
22	29138019	29138409	3
22	29138410	29153502	1
22	29153503	29168661	0
22	29168662	29185282	1
22	29185283	29190542	0
22	29190543	29196584	2
22	29196585	29279579	0
22	29279580	29453474	1
22	29453475	29454659	0
22	29454660	29457831	2
22	29457832	29469065	0
22	29469066	29564320	1
22	29564321	29601839	0
22	29601840	29655585	1
22	29655586	29655840	0
22	29655841	29663997	2
22	29663998	29664197	3
22	29664198	29696514	1
22	29696515	29702571	0
22	29702572	29708773	1
22	29708774	29708921	0
22	29708922	29711744	2
22	29711745	29723670	0
22	29723671	29819167	2
22	29819168	29834571	0
22	29834572	29838443	1
22	29838444	29876218	0
22	29876219	29887378	1
22	29887379	29901867	0
22	29901868	29977325	2
22	29977326	29999544	0
22	29999545	30094586	1
22	30094587	30116072	0
22	30116073	30126944	1
22	30126945	30127827	3
22	30127828	30162968	2
22	30162969	30163357	0
22	30163358	30166401	1
22	30166402	30184596	0
22	30184597	30234264	2
22	30234265	30279143	0
22	30279144	30426854	1
22	30426855	30476162	0
22	30476163	30573063	1
22	30573064	30636435	0
22	30636436	30642839	2
22	30642840	30658817	0
22	30658818	30662828	2
22	30662829	30681105	0
22	30681106	30723034	2
22	30723035	30727976	0
22	30727977	30752623	2
22	30752624	30752935	3
22	30752936	30772817	1
22	30772818	30773834	0
22	30773835	30792845	2
22	30792846	30817759	3
22	30817760	30825044	1
22	30825045	30843945	0
22	30843946	30868035	2
22	30868036	30884899	0
22	30884900	30901697	2
22	30901698	30918785	0
22	30918786	30942668	2
22	30942669	30950621	0
22	30950622	30970573	2
22	30970574	30972611	0
22	30972612	31002824	2
22	31002825	31003069	3
22	31003070	31023264	1
22	31023265	31031638	0
22	31031639	31048037	1
22	31048038	31059285	3
22	31059286	31059501	1
22	31059502	31063871	3
22	31063872	31065002	1
22	31065003	31089768	0
22	31089769	31303810	1
22	31303811	31321116	0
22	31321117	31364283	2
22	31364284	31460090	0
22	31460091	31500609	1
22	31500610	31500757	0
22	31500758	31516054	2
22	31516055	31518951	0
22	31518952	31530681	1
22	31530682	31530794	0
22	31530795	31536592	2
22	31536593	31556167	0
22	31556168	31603004	1
22	31603005	31608259	0
22	31608260	31676065	1
22	31676066	31677578	0
22	31677579	31688519	2
22	31688520	31721789	0
22	31721790	31742217	2
22	31742218	31742874	0
22	31742875	31744669	1
22	31744670	31795508	0
22	31795509	31830437	1
22	31830438	31835348	0
22	31835349	31892093	2
22	31892094	31892260	0
22	31892261	32014476	1
22	32014477	32014532	3
22	32014533	32014571	1
22	32014572	32058417	2
22	32058418	32072241	0
22	32072242	32146125	2
22	32146126	32149943	0
22	32149944	32303011	1
22	32303012	32329506	0
22	32329507	32340446	2
22	32340447	32341335	3
22	32341336	32353589	1
22	32353590	32439018	0
22	32439019	32509015	1
22	32509016	32544992	0
22	32544993	32555274	2
22	32555275	32586421	0
22	32586422	32600717	2
22	32600718	32614464	0
22	32614465	32651327	2
22	32651328	32750871	0
22	32750872	32755892	1
22	32755893	32757147	3
22	32757148	32778038	2
22	32778039	32783568	0
22	32783569	32808241	2
22	32808242	32809833	0
22	32809834	32860470	2
22	32860471	32870662	0
22	32870663	32894817	1
22	32894818	32908538	0
22	32908539	33197686	2
22	33197687	33259029	3
22	33259030	33454357	2
22	33454358	33558211	0
22	33558212	34318828	2
22	34318829	35462128	0
22	35462129	35483379	1
22	35483380	35653444	0
22	35653445	35691756	1
22	35691757	35695267	0
22	35695268	35743984	1
22	35743985	35776353	0
22	35776354	35790206	1
22	35790207	35796055	0
22	35796056	35821422	1
22	35821423	35936914	0
22	35936915	35950047	1
22	35950048	36002810	0
22	36002811	36033997	2
22	36033998	36044441	0
22	36044442	36064455	1
22	36064456	36113918	0
22	36113919	36125529	1
22	36125530	36134782	0
22	36134783	36424472	2
22	36424473	36536371	0
22	36536372	36562224	2
22	36562225	36585176	0
22	36585177	36600885	2
22	36600886	36622255	0
22	36622256	36635999	2
22	36636000	36649055	0
22	36649056	36663575	1
22	36663576	36677326	0
22	36677327	36784062	2
22	36784063	36863082	0
22	36863083	36878076	2
22	36878077	36883236	0
22	36883237	36903147	2
22	36903148	36906896	0
22	36906897	36925482	2
22	36925483	36959967	0
22	36959968	37099602	2
22	37099603	37154245	0
22	37154246	37172196	2
22	37172197	37196727	0
22	37196728	37215522	2
22	37215523	37257029	0
22	37257030	37274056	1
22	37274057	37309669	0
22	37309670	37336490	1
22	37336491	37387162	0
22	37387163	37403881	2
22	37403882	37406899	0
22	37406900	37415675	2
22	37415676	37415680	3
22	37415681	37425862	1
22	37425863	37447778	0
22	37447779	37459429	1
22	37459430	37461475	0
22	37461476	37505602	2
22	37505603	37521877	0
22	37521878	37571093	2
22	37571094	37576206	0
22	37576207	37584328	2
22	37584329	37600277	0
22	37600278	37608361	2
22	37608362	37621300	0
22	37621301	37640487	2
22	37640488	37678067	0
22	37678068	37711381	1
22	37711382	37763999	0
22	37764000	37823504	2
22	37823505	37865100	0
22	37865101	37882438	2
22	37882439	37886399	0
22	37886400	37915548	2
22	37915549	37956453	0
22	37956454	37965411	1
22	37965412	37966254	0
22	37966255	37978622	2
22	37978623	38004480	0
22	38004481	38029570	1
22	38029571	38035481	0
22	38035482	38062940	1
22	38062941	38071614	0
22	38071615	38075812	1
22	38075813	38082329	0
22	38082330	38089482	1
22	38089483	38093010	0
22	38093011	38172562	1
22	38172563	38201113	0
22	38201114	38203441	1
22	38203442	38203911	0
22	38203912	38213182	1
22	38213183	38219388	0
22	38219389	38221501	1
22	38221502	38226861	0
22	38226862	38244874	2
22	38244875	38245333	3
22	38245334	38285413	1
22	38285414	38301663	0
22	38301664	38338828	1
22	38338829	38339527	0
22	38339528	38349669	2
22	38349670	38349675	3
22	38349676	38366692	1
22	38366693	38379420	3
22	38379421	38437112	1
22	38437113	38452317	0
22	38452318	38471707	1
22	38471708	38474140	0
22	38474141	38480099	2
22	38480100	38480895	0
22	38480896	38506676	2
22	38506677	38507501	0
22	38507502	38597888	2
22	38597889	38601696	3
22	38601697	38612517	1
22	38612518	38615297	0
22	38615298	38669039	2
22	38669040	38686696	0
22	38686697	38794526	2
22	38794527	38822331	0
22	38822332	38851204	2
22	38851205	38864066	0
22	38864067	38879444	1
22	38879445	38879451	3
22	38879452	38902344	2
22	38902345	38914953	0
22	38914954	38966290	2
22	38966291	38974124	0
22	38974125	39052633	2
22	39052634	39052644	0
22	39052645	39069858	1
22	39069859	39077952	0
22	39077953	39080817	1
22	39080818	39081547	0
22	39081548	39097560	2
22	39097561	39101727	0
22	39101728	39130729	1
22	39130730	39134303	3
22	39134304	39190202	2
22	39190203	39214456	0
22	39214457	39239986	2
22	39239987	39257454	0
22	39257455	39268318	2
22	39268319	39348755	0
22	39348756	39359187	1
22	39359188	39378351	0
22	39378352	39388808	1
22	39388809	39410087	0
22	39410088	39429280	1
22	39429281	39436608	0
22	39436609	39483747	1
22	39483748	39493228	0
22	39493229	39500071	1
22	39500072	39526776	0
22	39526777	39548654	2
22	39548655	39619363	0
22	39619364	39640755	2
22	39640756	39656864	0
22	39656865	39657062	2
22	39657063	39708886	0
22	39708887	39715775	2
22	39715776	39745929	0
22	39745930	39781592	1
22	39781593	39795745	0
22	39795746	39832827	1
22	39832828	39853348	0
22	39853349	39888198	1
22	39888199	39896104	0
22	39896105	39914136	1
22	39914137	39915699	0
22	39915700	39918690	1
22	39918691	39925097	0
22	39925098	39928859	2
22	39928860	39966757	0
22	39966758	40085741	1
22	40085742	40139048	0
22	40139049	40289793	2
22	40289794	40297085	0
22	40297086	40369724	1
22	40369725	40390952	0
22	40390953	40439532	1
22	40439533	40440820	0
22	40440821	40731811	1
22	40731812	40742506	0
22	40742507	40806284	1
22	40806285	40806292	3
22	40806293	41032694	2
22	41032695	41074753	0
22	41074754	41078817	1
22	41078818	41165633	0
22	41165634	41215385	2
22	41215386	41220538	0
22	41220539	41253025	2
22	41253026	41253087	0
22	41253088	41255552	1
22	41255553	41258129	3
22	41258130	41369312	1
22	41369313	41487789	0
22	41487790	41576080	1
22	41576081	41601208	0
22	41601209	41625516	1
22	41625517	41627274	3
22	41627275	41636937	2
22	41636938	41641614	0
22	41641615	41682254	2
22	41682255	41685387	0
22	41685388	41685685	2
22	41685686	41697525	0
22	41697526	41756150	1
22	41756151	41763336	0
22	41763337	41795329	1
22	41795330	41829495	0
22	41829496	41843026	2
22	41843027	41855720	0
22	41855721	41864728	2
22	41864729	41865128	0
22	41865129	41921807	1
22	41921808	41924992	3
22	41924993	41940609	2
22	41940610	41956766	0
22	41956767	41972897	1
22	41972898	41973744	3
22	41973745	41985893	2
22	41985894	41994031	0
22	41994032	42017099	2
22	42017100	42017122	0
22	42017123	42060043	1
22	42060044	42069933	0
22	42069934	42086507	2
22	42086508	42086546	0
22	42086547	42094139	1
22	42094140	42095502	0
22	42095503	42195459	1
22	42195460	42196682	0
22	42196683	42222302	1
22	42222303	42229108	0
22	42229109	42303311	1
22	42303312	42307296	0
22	42307297	42310569	2
22	42310570	42321044	0
22	42321045	42322821	2
22	42322822	42334724	0
22	42334725	42343167	2
22	42343168	42372275	0
22	42372276	42394224	1
22	42394225	42394791	0
22	42394792	42428653	1
22	42428654	42454357	0
22	42454358	42466845	2
22	42466846	42470254	0
22	42470255	42475444	1
22	42475445	42475698	0
22	42475699	42480287	1
22	42480288	42481528	0
22	42481529	42486958	2
22	42486959	42522500	0
22	42522501	42526907	2
22	42526908	42556018	0
22	42556019	42739621	2
22	42739622	42776415	0
22	42776416	42828400	2
22	42828401	42905973	0
22	42905974	42915807	2
22	42915808	42949622	0
22	42949623	42970387	1
22	42970388	42979726	0
22	42979727	43010967	2
22	43010968	43013845	0
22	43013846	43045573	2
22	43045574	43088126	0
22	43088127	43091638	2
22	43091639	43192507	0
22	43192508	43254111	2
22	43254112	43265776	0
22	43265777	43411150	2
22	43411151	43435521	0
22	43435522	43485433	2
22	43485434	43506753	0
22	43506754	43525717	1
22	43525718	43528211	0
22	43528212	43539399	2
22	43539400	43547519	0
22	43547520	43559247	1
22	43559248	43562627	0
22	43562628	43583138	2
22	43583139	43593288	0
22	43593289	43739393	2
22	43739394	43807201	0
22	43807202	43903727	1
22	43903728	43924623	0
22	43924624	44208184	2
22	44208185	44220388	0
22	44220389	44258397	2
22	44258398	44275557	0
22	44275558	44287892	2
22	44287893	44319618	0
22	44319619	44343447	1
22	44343448	44351300	0
22	44351301	44392412	1
22	44392413	44395090	0
22	44395091	44568828	1
22	44568829	44568835	0
22	44568836	44604348	1
22	44604349	44639546	0
22	44639547	44708730	2
22	44708731	44761430	0
22	44761431	44762163	1
22	44762164	44888451	0
22	44888452	44894177	2
22	44894178	45064592	0
22	45064593	45258664	1
22	45258665	45277041	0
22	45277042	45405879	2
22	45405880	45559721	0
22	45559722	45583895	1
22	45583896	45586218	0
22	45586219	45636649	2
22	45636650	45680862	0
22	45680863	45691754	1
22	45691755	45704862	0
22	45704863	45737835	1
22	45737836	45739943	0
22	45739944	45809499	2
22	45809500	45809571	0
22	45809572	45828375	1
22	45828376	45898117	0
22	45898118	45997014	1
22	45997015	46067677	0
22	46067678	46241186	1
22	46241187	46316241	0
22	46316242	46373008	2
22	46373009	46445357	0
22	46445358	46449748	2
22	46449749	46450023	3
22	46450024	46509807	1
22	46509808	46546423	0
22	46546424	46639652	1
22	46639653	46639907	0
22	46639908	46646575	2
22	46646576	46651559	0
22	46651560	46659218	2
22	46659219	46663860	0
22	46663861	46689904	1
22	46689905	46692637	0
22	46692638	46726706	1
22	46726707	46731321	0
22	46731322	46753236	1
22	46753237	46756730	0
22	46756731	46933066	2
22	46933067	46971908	0
22	46971909	47075687	1
22	47075688	47080307	0
22	47080308	47134157	2
22	47134158	47158517	0
22	47158518	47571335	1
22	47571336	47857047	0
22	47857048	47882859	2
22	47882860	48885271	0
22	48885272	48934711	1
22	48934712	48943198	3
22	48943199	49246723	1
22	49246724	50013291	0
22	50013292	50051189	2
22	50051190	50166930	0
22	50166931	50221159	2
22	50221160	50247489	0
22	50247490	50283725	1
22	50283726	50293876	0
22	50293877	50311814	2
22	50311815	50312105	3
22	50312106	50321187	1
22	50321188	50354160	0
22	50354161	50357727	1
22	50357728	50432941	0
22	50432942	50451087	2
22	50451088	50453551	0
22	50453552	50495363	2
22	50495364	50497819	0
22	50497820	50524330	2
22	50524331	50528307	0
22	50528308	50600118	1
22	50600119	50609159	0
22	50609160	50618722	1
22	50618723	50624343	0
22	50624344	50638026	1
22	50638027	50639407	0
22	50639408	50656044	1
22	50656045	50656117	0
22	50656118	50683380	2
22	50683381	50683611	0
22	50683612	50689813	2
22	50689814	50691331	0
22	50691332	50700253	2
22	50700254	50702141	0
22	50702142	50708821	2
22	50708822	50713407	0
22	50713408	50714102	2
22	50714103	50714349	3
22	50714350	50746055	2
22	50746056	50747458	0
22	50747459	50765488	2
22	50765489	50781732	0
22	50781733	50883428	1
22	50883429	50883513	3
22	50883514	50913453	2
22	50913454	50919984	0
22	50919985	50924868	1
22	50924869	50925212	0
22	50925213	50929076	1
22	50929077	50941375	0
22	50941376	50946134	2
22	50946135	50946644	0
22	50946645	50961900	1
22	50961901	50961996	0
22	50961997	50968484	2
22	50968485	50968837	0
22	50968838	50971008	2
22	50971009	50986461	0
22	50986462	50989450	1
22	50989451	50989540	0
22	50989541	51001333	2
22	51001334	51007289	0
22	51007290	51021427	2
22	51021428	51039113	0
22	51039114	51052408	1
22	51052409	51063445	0
22	51063446	51066606	2
22	51066607	51112842	0
22	51112843	51171725	1
22	51171726	51176623	0
22	51176624	51183761	1
22	51183762	51205928	0
22	51205929	51222090	2
