<CHROM>	<START>	<END>	<TSB>
2	0	38813	0
2	38814	46384	2
2	46385	218135	0
2	218136	264823	2
2	264824	264868	0
2	264869	278282	1
2	278283	279557	0
2	279558	288850	2
2	288851	667334	0
2	667335	677438	2
2	677439	946553	0
2	946554	1371384	1
2	1371385	1417232	0
2	1417233	1547482	1
2	1547483	1635658	0
2	1635659	1748277	2
2	1748278	1792884	0
2	1792885	2334965	2
2	2334966	3192695	0
2	3192696	3381652	2
2	3381653	3383445	0
2	3383446	3488864	1
2	3488865	3501131	0
2	3501132	3523506	2
2	3523507	3579573	0
2	3579574	3606205	2
2	3606206	3622794	0
2	3622795	3628508	1
2	3628509	3642544	0
2	3642545	3692047	1
2	3692048	3705784	0
2	3705785	3750260	1
2	3750261	3751452	0
2	3751453	3826456	1
2	3826457	5832798	0
2	5832799	5841515	1
2	5841516	6111711	0
2	6111712	6114373	1
2	6114374	6980700	0
2	6980701	7005935	2
2	7005936	7005958	0
2	7005959	7038369	1
2	7038370	7057522	0
2	7057523	7208416	1
2	7208417	8818974	0
2	8818975	8824582	1
2	8824583	8865689	0
2	8865690	8977759	2
2	8977760	8992819	0
2	8992820	9143941	2
2	9143942	9346893	0
2	9346894	9543603	1
2	9543604	9545806	3
2	9545807	9545811	1
2	9545812	9563675	2
2	9563676	9563696	0
2	9563697	9613229	1
2	9613230	9613786	0
2	9613787	9628614	1
2	9628615	9628939	3
2	9628940	9636671	1
2	9636672	9695920	2
2	9695921	9724100	0
2	9724101	9771142	2
2	9771143	9983482	0
2	9983483	10074544	1
2	10074545	10085340	0
2	10085341	10142410	1
2	10142411	10182975	0
2	10182976	10194962	1
2	10194963	10196906	0
2	10196907	10220537	2
2	10220538	10223907	0
2	10223908	10226227	1
2	10226228	10262454	0
2	10262455	10271544	1
2	10271545	10281508	0
2	10281509	10351850	1
2	10351851	10443014	0
2	10443015	10567742	1
2	10567743	10580093	0
2	10580094	10588629	2
2	10588630	10710891	0
2	10710892	10830100	2
2	10830101	10861774	0
2	10861775	10923516	1
2	10923517	10923560	3
2	10923561	10923986	1
2	10923987	10925235	3
2	10925236	10978102	2
2	10978103	10987702	0
2	10987703	10995080	1
2	10995081	11052062	0
2	11052063	11054349	1
2	11054350	11273178	0
2	11273179	11286915	1
2	11286916	11295323	0
2	11295324	11318999	1
2	11319000	11319886	0
2	11319887	11484710	2
2	11484711	11584500	0
2	11584501	11603926	2
2	11603927	11606273	3
2	11606274	11606274	2
2	11606275	11674241	0
2	11674242	11782913	1
2	11782914	11798303	0
2	11798304	11810289	2
2	11810290	11817720	0
2	11817721	11967534	1
2	11967535	12857014	0
2	12857015	12882859	1
2	12882860	14772809	0
2	14772810	14790932	1
2	14790933	15307031	0
2	15307032	15701453	2
2	15701454	15731301	0
2	15731302	15771234	1
2	15771235	15840524	0
2	15840525	15884462	1
2	15884463	16080685	0
2	16080686	16087128	1
2	16087129	16730726	0
2	16730727	16847598	2
2	16847599	17691850	0
2	17691851	17699705	2
2	17699706	17720392	0
2	17720393	17838284	1
2	17838285	17845078	0
2	17845079	17935124	2
2	17935125	17966075	3
2	17966076	17981508	2
2	17981509	17997762	0
2	17997763	17998367	1
2	17998368	18059113	0
2	18059114	18114227	1
2	18114228	18735988	0
2	18735989	18770837	2
2	18770838	19551245	0
2	19551246	19558413	2
2	19558414	20096403	0
2	20096404	20101746	2
2	20101747	20110020	0
2	20110021	20189891	2
2	20189892	20191871	0
2	20191872	20212454	2
2	20212455	20232410	0
2	20232411	20251788	2
2	20251789	20400557	0
2	20400558	20425193	2
2	20425194	20448451	0
2	20448452	20551982	2
2	20551983	20646834	0
2	20646835	20649199	1
2	20649200	20792376	0
2	20792377	20850848	2
2	20850849	20866423	0
2	20866424	20873417	1
2	20873418	20883787	0
2	20883788	21022881	2
2	21022882	21224300	0
2	21224301	21266944	2
2	21266945	21346788	0
2	21346789	21366143	1
2	21366144	23608087	0
2	23608088	23729912	1
2	23729913	23747213	3
2	23747214	23931475	1
2	23931476	23971533	0
2	23971534	24149983	2
2	24149984	24150181	0
2	24150182	24227778	1
2	24227779	24232950	0
2	24232951	24249644	1
2	24249645	24252209	0
2	24252210	24272444	2
2	24272445	24272570	0
2	24272571	24286550	1
2	24286551	24290453	0
2	24290454	24299312	2
2	24299313	24300302	0
2	24300303	24308084	2
2	24308085	24338240	0
2	24338241	24346346	2
2	24346347	24346349	0
2	24346350	24392505	1
2	24392506	24397971	0
2	24397972	24423717	1
2	24423718	24425732	0
2	24425733	24583582	2
2	24583583	24714800	0
2	24714801	24993570	1
2	24993571	25012602	0
2	25012603	25016013	2
2	25016014	25016250	3
2	25016251	25042037	1
2	25042038	25045244	3
2	25045245	25142707	2
2	25142708	25166504	0
2	25166505	25194962	2
2	25194963	25264998	0
2	25264999	25378242	1
2	25378243	25383721	0
2	25383722	25391771	2
2	25391772	25455844	0
2	25455845	25565458	2
2	25565459	25600066	0
2	25600067	25896502	2
2	25896503	25956621	0
2	25956622	26101384	2
2	26101385	26149470	0
2	26149471	26205617	2
2	26205618	26251073	0
2	26251074	26251480	2
2	26251481	26256978	0
2	26256979	26360322	1
2	26360323	26395959	0
2	26395960	26412531	1
2	26412532	26413503	0
2	26413504	26466037	2
2	26466038	26467593	3
2	26467594	26513335	1
2	26513336	26531043	0
2	26531044	26531414	2
2	26531415	26569610	3
2	26569611	26569684	2
2	26569685	26618758	1
2	26618759	26624783	0
2	26624784	26679578	1
2	26679579	26680070	0
2	26680071	26781565	2
2	26781566	26785449	0
2	26785450	26802399	1
2	26802400	26804069	0
2	26804070	26864235	2
2	26864236	26915618	0
2	26915619	26956287	1
2	26956288	26987155	0
2	26987156	27004098	1
2	27004099	27008864	0
2	27008865	27017460	1
2	27017461	27070614	0
2	27070615	27173218	1
2	27173219	27193479	0
2	27193480	27250063	1
2	27250064	27255821	0
2	27255822	27264562	1
2	27264563	27265231	0
2	27265232	27293339	1
2	27293340	27293487	3
2	27293488	27294640	2
2	27294641	27301434	0
2	27301435	27309270	1
2	27309271	27309614	0
2	27309615	27321756	1
2	27321757	27323618	3
2	27323619	27323639	1
2	27323640	27341994	2
2	27341995	27346702	0
2	27346703	27353623	1
2	27353624	27353679	3
2	27353680	27357542	2
2	27357543	27359722	0
2	27359723	27362277	2
2	27362278	27371871	0
2	27371872	27376377	1
2	27376378	27422454	0
2	27422455	27434894	2
2	27434895	27435153	3
2	27435154	27435178	2
2	27435179	27435817	3
2	27435818	27435825	2
2	27435826	27440045	1
2	27440046	27440257	0
2	27440258	27466810	1
2	27466811	27477439	0
2	27477440	27498288	2
2	27498289	27498684	3
2	27498685	27504366	1
2	27504367	27505259	0
2	27505260	27530267	1
2	27530268	27530302	3
2	27530303	27530306	1
2	27530307	27531312	2
2	27531313	27532359	0
2	27532360	27548546	2
2	27548547	27548715	0
2	27548716	27579867	2
2	27579868	27587218	0
2	27587219	27593352	2
2	27593353	27593388	0
2	27593389	27599994	1
2	27599995	27600097	0
2	27600098	27603656	2
2	27603657	27604060	0
2	27604061	27632553	2
2	27632554	27650656	0
2	27650657	27665125	1
2	27665126	27665232	0
2	27665233	27667237	1
2	27667238	27669347	3
2	27669348	27712655	2
2	27712656	27714749	0
2	27714750	27718111	2
2	27718112	27719708	0
2	27719709	27746553	1
2	27746554	27760252	0
2	27760253	27790010	1
2	27790011	27799388	0
2	27799389	27805587	1
2	27805588	27805896	0
2	27805897	27848505	1
2	27848506	27851878	3
2	27851879	27873678	1
2	27873679	27873710	3
2	27873711	27874374	1
2	27874375	27886337	2
2	27886338	27886675	3
2	27886676	27917835	1
2	27917836	27928652	0
2	27928653	27938598	2
2	27938599	27994583	0
2	27994584	27998850	1
2	27998851	28002607	3
2	28002608	28112807	2
2	28112808	28113964	3
2	28113965	28561767	1
2	28561768	28615668	0
2	28615669	28640178	1
2	28640179	28680011	0
2	28680012	28866653	1
2	28866654	28974505	0
2	28974506	29025805	1
2	29025806	29033684	0
2	29033685	29072686	1
2	29072687	29073476	3
2	29073477	29093166	2
2	29093167	29117508	0
2	29117509	29171087	1
2	29171088	29179476	0
2	29179477	29284238	1
2	29284239	29284557	0
2	29284558	29297126	2
2	29297127	29320570	0
2	29320571	29412508	1
2	29412509	29415639	0
2	29415640	30144431	2
2	30144432	30369806	0
2	30369807	30383398	1
2	30383399	30454396	0
2	30454397	30546595	1
2	30546596	30670091	0
2	30670092	30867090	1
2	30867091	30945636	0
2	30945637	31030311	2
2	31030312	31133332	0
2	31133333	31361591	2
2	31361592	31395923	0
2	31395924	31440410	2
2	31440411	31456879	0
2	31456880	31492312	1
2	31492313	31557186	0
2	31557187	31637580	2
2	31637581	32090128	0
2	32090129	32236298	2
2	32236299	32248960	0
2	32248961	32264880	2
2	32264881	32288679	0
2	32288680	32382705	1
2	32382706	32390932	0
2	32390933	32449447	1
2	32449448	32449521	0
2	32449522	32490922	2
2	32490923	32502978	0
2	32502979	32541662	1
2	32541663	32582095	0
2	32582096	32843965	1
2	32843966	32853098	0
2	32853099	33046117	1
2	33046118	33172038	0
2	33172039	33624575	1
2	33624576	33661390	0
2	33661391	33789816	1
2	33789817	33808724	0
2	33808725	33824428	2
2	33824429	36583068	0
2	36583069	36758947	1
2	36758948	36778277	3
2	36778278	36873229	2
2	36873230	36923832	0
2	36923833	37041934	1
2	37041935	37068326	0
2	37068327	37068529	2
2	37068530	37070782	0
2	37070783	37193614	2
2	37193615	37195525	0
2	37195526	37311484	2
2	37311485	37311593	0
2	37311594	37326352	1
2	37326353	37326386	3
2	37326387	37384207	2
2	37384208	37394962	0
2	37394963	37423630	2
2	37423631	37423740	3
2	37423741	37428754	1
2	37428755	37440867	3
2	37440868	37458808	2
2	37458809	37458855	3
2	37458856	37476302	1
2	37476303	37477644	0
2	37477645	37551950	2
2	37551951	37571716	0
2	37571717	37600464	1
2	37600465	37869031	0
2	37869032	37965610	2
2	37965611	38150329	0
2	38150330	38294279	1
2	38294280	38294651	0
2	38294652	38303322	2
2	38303323	38522021	0
2	38522022	38604426	2
2	38604427	38789119	0
2	38789120	38830177	2
2	38830178	38893051	0
2	38893052	38968378	1
2	38968379	38970740	0
2	38970741	38978635	2
2	38978636	38978675	0
2	38978676	39012141	1
2	39012142	39024870	0
2	39024871	39103074	2
2	39103075	39103102	0
2	39103103	39109849	1
2	39109850	39117020	0
2	39117021	39186763	1
2	39186764	39187482	3
2	39187483	39202589	1
2	39202590	39208536	0
2	39208537	39351485	2
2	39351486	39402786	0
2	39402787	39456672	2
2	39456673	39476406	0
2	39476407	39664452	2
2	39664453	39893058	0
2	39893059	39945102	1
2	39945103	39963444	0
2	39963445	40006406	2
2	40006407	40324409	0
2	40324410	40488146	2
2	40488147	40490116	3
2	40490117	40838192	2
2	40838193	42162507	0
2	42162508	42180942	2
2	42180943	42275159	0
2	42275160	42285667	1
2	42285668	42396489	0
2	42396490	42559687	1
2	42559688	42560685	0
2	42560686	42596149	2
2	42596150	42669156	0
2	42669157	42721236	2
2	42721237	42721708	0
2	42721709	42984086	1
2	42984087	42989641	0
2	42989642	42991400	2
2	42991401	42994228	0
2	42994229	43019731	2
2	43019732	43393799	0
2	43393800	43823184	2
2	43823185	43864411	0
2	43864412	43995125	1
2	43995126	44001177	0
2	44001178	44037148	1
2	44037149	44039610	0
2	44039611	44065957	2
2	44065958	44066102	0
2	44066103	44105604	1
2	44105605	44113646	0
2	44113647	44223143	2
2	44223144	44395107	0
2	44395108	44461784	1
2	44461785	44502598	0
2	44502599	44544749	1
2	44544750	44548632	3
2	44548633	44589000	2
2	44589001	44589088	0
2	44589089	44999730	1
2	44999731	45168901	0
2	45168902	45173215	1
2	45173216	45232299	0
2	45232300	45236568	2
2	45236569	45615818	0
2	45615819	45838419	2
2	45838420	45878483	0
2	45878484	46415128	1
2	46415129	46523746	0
2	46523747	46613835	1
2	46613836	46706724	0
2	46706725	46711563	1
2	46711564	46738985	0
2	46738986	46769695	2
2	46769696	46769866	0
2	46769867	46808075	1
2	46808076	46810259	3
2	46810260	46844257	2
2	46844258	46844289	0
2	46844290	46852880	1
2	46852881	46926090	0
2	46926091	46990267	1
2	46990268	47043821	0
2	47043822	47085348	1
2	47085349	47129008	0
2	47129009	47143295	2
2	47143296	47168993	3
2	47168994	47303273	1
2	47303274	47314129	0
2	47314130	47382516	2
2	47382517	47387220	0
2	47387221	47403739	2
2	47403740	47572296	0
2	47572297	47614172	1
2	47614173	47630107	0
2	47630108	47740372	1
2	47740373	47743719	0
2	47743720	47798077	2
2	47798078	47799600	0
2	47799601	47801997	1
2	47801998	47922957	0
2	47922958	48016460	1
2	48016461	48018254	3
2	48018255	48034058	1
2	48034059	48037239	3
2	48037240	48132931	2
2	48132932	48541775	0
2	48541776	48606432	1
2	48606433	48667907	0
2	48667908	48742524	1
2	48742525	48757063	0
2	48757064	48913913	1
2	48913914	48982831	3
2	48982832	49003653	1
2	49003654	49189295	0
2	49189296	49381675	2
2	49381676	50145642	0
2	50145643	51259673	2
2	51259674	53759809	0
2	53759810	53994928	2
2	53994929	54002332	3
2	54002333	54014216	2
2	54014217	54045955	3
2	54045956	54087296	2
2	54087297	54091203	0
2	54091204	54197974	2
2	54197975	54197976	3
2	54197977	54480314	1
2	54480315	54483408	3
2	54483409	54532436	1
2	54532437	54557170	0
2	54557171	54610330	1
2	54610331	54683421	0
2	54683422	54896811	1
2	54896812	54951678	0
2	54951679	55199153	1
2	55199154	55199324	0
2	55199325	55339756	2
2	55339757	55401926	0
2	55401927	55459038	2
2	55459039	55459409	3
2	55459410	55459537	2
2	55459538	55459698	3
2	55459699	55462988	1
2	55462989	55463730	0
2	55463731	55496482	2
2	55496483	55514977	0
2	55514978	55647056	2
2	55647057	55746739	0
2	55746740	55773014	1
2	55773015	55774427	0
2	55774428	55844757	2
2	55844758	55861399	0
2	55861400	55921044	2
2	55921045	56093101	0
2	56093102	56151273	2
2	56151274	56411257	0
2	56411258	56613307	1
2	56613308	58134785	0
2	58134786	58386377	1
2	58386378	58387005	3
2	58387006	58387054	1
2	58387055	58468506	2
2	58468507	60678301	0
2	60678302	60780701	2
2	60780702	60983364	0
2	60983365	61029219	1
2	61029220	61108655	0
2	61108656	61158744	1
2	61158745	61169103	0
2	61169104	61244359	2
2	61244360	61245388	3
2	61245389	61279124	1
2	61279125	61293067	0
2	61293068	61365168	1
2	61365169	61372242	0
2	61372243	61391963	1
2	61391964	61404552	0
2	61404553	61414597	1
2	61414598	61414685	3
2	61414686	61418337	1
2	61418338	61697903	2
2	61697904	61704983	0
2	61704984	61765760	2
2	61765761	62051990	0
2	62051991	62081277	2
2	62081278	62095223	0
2	62095224	62115938	2
2	62115939	62132781	0
2	62132782	62374381	1
2	62374382	62423247	0
2	62423248	62451865	1
2	62451866	62727355	0
2	62727356	62733475	2
2	62733476	62900985	0
2	62900986	63273621	1
2	63273622	63277191	0
2	63277192	63284970	1
2	63284971	63348517	0
2	63348518	63815742	2
2	63815743	63815932	3
2	63815933	63834330	1
2	63834331	64068073	0
2	64068074	64118695	1
2	64118696	64119279	0
2	64119280	64246205	2
2	64246206	64319785	0
2	64319786	64371587	2
2	64371588	64681102	0
2	64681103	64688514	1
2	64688515	64751464	0
2	64751465	64820138	1
2	64820139	64858754	0
2	64858755	64881046	2
2	64881047	65215623	0
2	65215624	65250998	1
2	65250999	65283505	0
2	65283506	65313988	1
2	65313989	65314137	3
2	65314138	65357239	2
2	65357240	65454886	0
2	65454887	65498386	1
2	65498387	65537984	0
2	65537985	65659770	2
2	65659771	66662264	0
2	66662265	66801000	1
2	66801001	67624450	0
2	67624451	67637676	1
2	67637677	68268261	0
2	68268262	68290156	2
2	68290157	68356934	0
2	68356935	68384691	2
2	68384692	68384975	0
2	68384976	68403369	1
2	68403370	68405988	0
2	68405989	68483368	2
2	68483369	68511302	0
2	68511303	68547137	2
2	68547138	68592304	0
2	68592305	68624584	1
2	68624585	68686550	0
2	68686551	68694389	2
2	68694390	68694692	0
2	68694693	68807293	1
2	68807294	68870720	0
2	68870721	68882707	1
2	68882708	68937633	0
2	68937634	69053964	1
2	69053965	69092612	0
2	69092613	69098648	2
2	69098649	69172363	0
2	69172364	69180101	2
2	69180102	69201704	0
2	69201705	69208105	1
2	69208106	69240309	0
2	69240310	69476458	1
2	69476459	69546904	0
2	69546905	69614381	2
2	69614382	69622881	0
2	69622882	69664759	2
2	69664760	69688531	0
2	69688532	69870848	2
2	69870849	69969105	0
2	69969106	70053595	1
2	70053596	70056773	0
2	70056774	70108527	1
2	70108528	70120691	0
2	70120692	70129481	1
2	70129482	70129840	3
2	70129841	70170076	1
2	70170077	70187225	0
2	70187226	70189396	2
2	70189397	70314584	0
2	70314585	70316331	1
2	70316332	70377011	0
2	70377012	70418202	2
2	70418203	70436575	0
2	70436576	70475791	2
2	70475792	70484517	0
2	70484518	70508322	1
2	70508323	70508493	0
2	70508494	70520902	2
2	70520903	70523106	0
2	70523107	70529221	2
2	70529222	70674411	0
2	70674412	70781146	2
2	70781147	70883915	0
2	70883916	70995343	2
2	70995344	71004441	0
2	71004442	71017774	2
2	71017775	71035774	0
2	71035775	71047731	2
2	71047732	71057346	0
2	71057347	71062951	2
2	71062952	71127719	0
2	71127720	71160575	1
2	71160576	71163011	0
2	71163012	71166447	1
2	71166448	71192526	3
2	71192527	71192530	1
2	71192531	71205509	2
2	71205510	71212625	3
2	71212626	71222465	2
2	71222466	71295430	0
2	71295431	71306934	1
2	71306935	71336813	0
2	71336814	71357368	2
2	71357369	71357443	0
2	71357444	71377230	1
2	71377231	71409868	0
2	71409869	71454212	2
2	71454213	71558857	0
2	71558858	71662190	1
2	71662191	71680851	0
2	71680852	71913897	1
2	71913898	72356366	0
2	72356367	72375166	2
2	72375167	72403112	0
2	72403113	73053169	2
2	73053170	73114488	0
2	73114489	73119286	1
2	73119287	73144603	0
2	73144604	73162019	1
2	73162020	73169164	0
2	73169165	73298964	2
2	73298965	73300509	0
2	73300510	73340145	2
2	73340146	73429385	0
2	73429386	73439640	1
2	73439641	73441349	0
2	73441350	73454364	1
2	73454365	73455133	0
2	73455134	73460355	2
2	73460356	73461363	0
2	73461364	73480148	1
2	73480149	73481809	0
2	73481810	73511558	2
2	73511559	73518057	0
2	73518058	73520832	2
2	73520833	73612885	0
2	73612886	73837045	1
2	73837046	73867958	0
2	73867959	73869519	2
2	73869520	73956956	0
2	73956957	73964526	2
2	73964527	73989310	0
2	73989311	74007283	2
2	74007284	74011315	0
2	74011316	74044273	1
2	74044274	74056085	0
2	74056086	74100759	1
2	74100760	74120093	0
2	74120094	74146991	1
2	74146992	74153952	0
2	74153953	74186087	1
2	74186088	74229839	0
2	74229840	74335302	1
2	74335303	74361598	0
2	74361599	74362520	1
2	74362521	74362524	0
2	74362525	74375120	2
2	74375121	74379654	0
2	74379655	74405994	2
2	74405995	74418516	0
2	74418517	74418626	1
2	74418627	74425688	0
2	74425689	74443368	1
2	74443369	74444691	3
2	74444692	74570540	2
2	74570541	74588280	0
2	74588281	74619213	2
2	74619214	74641303	0
2	74641304	74648717	2
2	74648718	74648855	0
2	74648856	74652881	1
2	74652882	74652962	0
2	74652963	74669025	2
2	74669026	74682149	0
2	74682150	74685086	1
2	74685087	74685455	0
2	74685456	74688017	1
2	74688018	74688183	0
2	74688184	74692536	2
2	74692537	74699084	0
2	74699085	74700448	2
2	74700449	74700916	0
2	74700917	74710213	2
2	74710214	74710360	3
2	74710361	74722012	1
2	74722013	74724643	0
2	74724644	74730442	2
2	74730443	74732169	0
2	74732170	74735706	2
2	74735707	74741610	0
2	74741611	74744273	1
2	74744274	74745257	0
2	74745258	74753462	2
2	74753463	74753774	0
2	74753775	74756503	2
2	74756504	74757065	3
2	74757066	74759564	1
2	74759565	74760471	3
2	74760472	74776152	2
2	74776153	74781061	3
2	74781062	74781212	2
2	74781213	74782816	3
2	74782817	74784680	1
2	74784681	74785009	0
2	74785010	74875456	2
2	74875457	74881354	0
2	74881355	74909185	1
2	74909186	75061107	0
2	75061108	75120485	1
2	75120486	75185618	0
2	75185619	75197254	1
2	75197255	75273589	0
2	75273590	75426825	2
2	75426826	75719443	0
2	75719444	75796847	2
2	75796848	75873908	0
2	75873909	75889831	1
2	75889832	75917884	3
2	75917885	75917976	1
2	75917977	75938114	2
2	75938115	76974844	0
2	76974845	77820321	2
2	77820322	79252811	0
2	79252812	79255630	1
2	79255631	79312155	0
2	79312156	79315118	2
2	79315119	79347583	0
2	79347584	79350544	1
2	79350545	79384131	0
2	79384132	79386878	2
2	79386879	79412356	0
2	79412357	80529002	1
2	80529003	80531873	3
2	80531874	80875904	1
2	80875905	84650646	0
2	84650647	84686603	2
2	84686604	84743578	0
2	84743579	85046712	1
2	85046713	85048773	0
2	85048774	85108368	2
2	85108369	85122208	0
2	85122209	85122344	2
2	85122345	85132748	0
2	85132749	85133794	1
2	85133795	85198215	0
2	85198216	85286594	1
2	85286595	85360532	0
2	85360533	85537510	1
2	85537511	85545146	0
2	85545147	85555547	2
2	85555548	85569210	0
2	85569211	85581742	2
2	85581743	85581842	0
2	85581843	85618872	1
2	85618873	85621870	0
2	85621871	85645554	2
2	85645555	85646053	0
2	85646054	85664151	1
2	85664152	85766287	0
2	85766288	85771845	1
2	85771846	85772402	3
2	85772403	85788654	2
2	85788655	85788684	0
2	85788685	85809153	1
2	85809154	85811530	0
2	85811531	85820534	1
2	85820535	85822847	0
2	85822848	85824735	1
2	85824736	85825670	0
2	85825671	85829820	2
2	85829821	85833776	0
2	85833777	85839154	2
2	85839155	85839225	0
2	85839226	85876402	1
2	85876403	85884436	0
2	85884437	85895863	2
2	85895864	85921413	0
2	85921414	85925976	1
2	85925977	85981016	0
2	85981017	86015188	1
2	86015189	86066266	0
2	86066267	86116136	2
2	86116137	86247338	0
2	86247339	86333277	2
2	86333278	86333304	0
2	86333305	86369279	1
2	86369280	86371054	0
2	86371055	86422892	2
2	86422893	86426477	0
2	86426478	86440916	1
2	86440917	86441115	0
2	86441116	86565205	2
2	86565206	86667769	0
2	86667770	86719838	1
2	86719839	86730553	0
2	86730554	86947295	2
2	86947296	86948244	3
2	86948245	87005163	1
2	87005164	87011728	0
2	87011729	87035518	2
2	87035519	87042461	0
2	87042462	87089022	2
2	87089023	87089046	3
2	87089047	87092826	1
2	87092827	87135075	0
2	87135076	87229681	1
2	87229682	87241098	3
2	87241099	87241103	1
2	87241104	87248974	2
2	87248975	88047605	0
2	88047606	88055473	1
2	88055474	88057151	3
2	88057152	88285308	2
2	88285309	88326723	0
2	88326724	88355247	2
2	88355248	88367298	0
2	88367299	88412905	1
2	88412906	88422509	0
2	88422510	88427634	2
2	88427635	88469834	0
2	88469835	88486145	1
2	88486146	88824168	0
2	88824169	88829101	1
2	88829102	88856258	0
2	88856259	88927093	2
2	88927094	88991161	0
2	88991162	89050451	1
2	89050452	90458200	0
2	90458201	90458670	1
2	90458671	90537838	0
2	90537839	90538396	2
2	90538397	95537187	0
2	95537188	95542573	1
2	95542574	95691428	0
2	95691429	95719736	1
2	95719737	95752951	0
2	95752952	95787744	2
2	95787745	95813681	0
2	95813682	95831157	2
2	95831158	95831176	0
2	95831177	95850064	1
2	95850065	95940200	0
2	95940201	95957055	1
2	95957056	95963051	0
2	95963052	96051824	1
2	96051825	96068468	0
2	96068469	96082363	1
2	96082364	96257765	0
2	96257766	96265525	1
2	96265526	96514586	0
2	96514587	96657540	2
2	96657541	96687693	0
2	96687694	96701721	2
2	96701722	96778706	0
2	96778707	96781983	2
2	96781984	96789588	0
2	96789589	96804174	2
2	96804175	96808904	0
2	96808905	96811178	2
2	96811179	96850596	0
2	96850597	96874562	2
2	96874563	96914253	0
2	96914254	96931731	2
2	96931732	96931869	0
2	96931870	96937382	1
2	96937383	96940073	0
2	96940074	96971296	2
2	96971297	96991068	0
2	96991069	96994090	1
2	96994091	97001524	0
2	97001525	97039582	1
2	97039583	97202485	0
2	97202486	97218374	1
2	97218375	97258908	0
2	97258909	97304114	2
2	97304115	97371665	0
2	97371666	97405800	2
2	97405801	97426638	0
2	97426639	97477627	1
2	97477628	97481981	0
2	97481982	97499647	1
2	97499648	97503648	0
2	97503649	97509770	2
2	97509771	97513721	0
2	97513722	97523831	2
2	97523832	97525452	0
2	97525453	97536493	2
2	97536494	97541619	0
2	97541620	97684174	2
2	97684175	97749319	0
2	97749320	97760618	2
2	97760619	97779232	0
2	97779233	97930257	1
2	97930258	98262502	0
2	98262503	98264845	1
2	98264846	98272430	0
2	98272431	98280569	2
2	98280570	98330022	0
2	98330023	98356322	1
2	98356323	98372802	0
2	98372803	98612387	2
2	98612388	98703594	0
2	98703595	98929402	1
2	98929403	98947851	0
2	98947852	98962617	2
2	98962618	98972467	3
2	98972468	99015063	1
2	99015064	99061316	0
2	99061317	99210852	1
2	99210853	99215772	0
2	99215773	99224977	2
2	99224978	99225041	0
2	99225042	99234977	1
2	99234978	99235568	0
2	99235569	99347588	2
2	99347589	99410308	0
2	99410309	99552721	2
2	99552722	99613723	0
2	99613724	99757947	2
2	99757948	99767949	3
2	99767950	99771379	2
2	99771380	99771417	0
2	99771418	99778409	1
2	99778410	99779610	3
2	99779611	99785725	1
2	99785726	99797520	3
2	99797521	99814088	1
2	99814089	99858708	0
2	99858709	99871744	2
2	99871745	99900700	0
2	99900701	99921204	2
2	99921205	99935444	0
2	99935445	99953815	2
2	99953816	99957164	3
2	99957165	100016937	1
2	100016938	100017788	3
2	100017789	100106496	2
2	100106497	100162322	0
2	100162323	100759044	2
2	100759045	100889752	0
2	100889753	100939194	2
2	100939195	100986704	0
2	100986705	100987006	2
2	100987007	101008326	0
2	101008327	101034117	2
2	101034118	101086943	0
2	101086944	101099741	1
2	101099742	101179151	0
2	101179152	101193196	1
2	101193197	101436613	0
2	101436614	101613290	1
2	101613291	101618176	0
2	101618177	101624078	1
2	101624079	101636189	3
2	101636190	101640493	1
2	101640494	101767845	2
2	101767846	101869263	0
2	101869264	101886777	1
2	101886778	101892552	0
2	101892553	101925157	2
2	101925158	101962012	0
2	101962013	102004056	2
2	102004057	102013822	0
2	102013823	102091164	2
2	102091165	102313311	0
2	102313312	102511149	1
2	102511150	102608305	0
2	102608306	102645005	1
2	102645006	102681003	0
2	102681004	102796333	1
2	102796334	102803432	0
2	102803433	102856461	1
2	102856462	102927961	0
2	102927962	103015217	1
2	103015218	103035148	0
2	103035149	103069024	1
2	103069025	103089761	0
2	103089762	103150430	1
2	103150431	103236165	0
2	103236166	103327776	1
2	103327777	103332298	0
2	103332299	103353312	2
2	103353313	103353366	0
2	103353367	103434124	1
2	103434125	105471968	0
2	105471969	105476928	1
2	105476929	105654440	0
2	105654441	105716417	1
2	105716418	105858199	0
2	105858200	105859923	1
2	105859924	105867758	0
2	105867759	105869600	1
2	105869601	105880870	0
2	105880871	105946490	2
2	105946491	105953815	0
2	105953816	105965667	1
2	105965668	105974168	0
2	105974169	106054969	2
2	106054970	106361353	0
2	106361354	106510729	1
2	106510730	106679749	0
2	106679750	106694614	1
2	106694615	106709758	0
2	106709759	106810794	2
2	106810795	107021445	0
2	107021446	107084831	2
2	107084832	107099727	0
2	107099728	107103847	2
2	107103848	107418055	0
2	107418056	107503563	2
2	107503564	108443387	0
2	108443388	108507296	1
2	108507297	108602978	0
2	108602979	108630449	1
2	108630450	108863650	0
2	108863651	108881806	1
2	108881807	108905094	0
2	108905095	108926370	1
2	108926371	108994467	0
2	108994468	109004512	1
2	109004513	109065016	0
2	109065017	109125853	1
2	109125854	109150856	0
2	109150857	109303701	1
2	109303702	109335936	0
2	109335937	109402266	1
2	109402267	109403212	0
2	109403213	109501932	1
2	109501933	109510926	0
2	109510927	109605827	2
2	109605828	109745803	0
2	109745804	110262206	1
2	110262207	110300558	0
2	110300559	110371782	2
2	110371783	110371910	0
2	110371911	110376562	1
2	110376563	110550334	0
2	110550335	110615269	1
2	110615270	110656004	0
2	110656005	110677179	1
2	110677180	110841446	0
2	110841447	110874142	2
2	110874143	110879887	0
2	110879888	110962642	2
2	110962643	111209480	0
2	111209481	111230392	2
2	111230393	111271397	0
2	111271398	111334761	2
2	111334762	111395274	0
2	111395275	111435690	2
2	111435691	111490149	0
2	111490150	111875798	1
2	111875799	111876954	0
2	111876955	111926023	1
2	111926024	112523847	0
2	112523848	112642266	2
2	112642267	112656055	0
2	112656056	112787137	1
2	112787138	112812799	0
2	112812800	112876894	1
2	112876895	112895961	0
2	112895962	112945790	1
2	112945791	112969101	0
2	112969102	113012687	2
2	113012688	113033170	0
2	113033171	113097639	1
2	113097640	113127668	0
2	113127669	113192064	2
2	113192065	113239730	0
2	113239731	113299315	1
2	113299316	113299491	0
2	113299492	113334634	1
2	113334635	113342017	0
2	113342018	113346851	1
2	113346852	113403433	0
2	113403434	113421403	1
2	113421404	113479062	0
2	113479063	113493929	1
2	113493930	113500455	3
2	113500456	113522253	2
2	113522254	113531491	0
2	113531492	113542166	2
2	113542167	113587327	0
2	113587328	113594479	2
2	113594480	113670547	0
2	113670548	113676458	1
2	113676459	113730779	0
2	113730780	113743241	1
2	113743242	113763037	0
2	113763038	113765620	1
2	113765621	113779667	0
2	113779668	113810443	2
2	113810444	113816214	0
2	113816215	113822958	1
2	113822959	113825546	0
2	113825547	113833426	1
2	113833427	113868692	0
2	113868693	113891592	1
2	113891593	113931547	0
2	113931548	113966972	1
2	113966973	113973573	0
2	113973574	114036526	2
2	114036527	114195267	0
2	114195268	114204991	1
2	114204992	114205428	3
2	114205429	114253765	1
2	114253766	114256660	0
2	114256661	114258727	1
2	114258728	114384805	0
2	114384806	114400972	1
2	114400973	114470368	0
2	114470369	114514399	2
2	114514400	114647536	0
2	114647537	114720172	1
2	114720173	115199875	0
2	115199876	116603327	1
2	116603328	118572225	0
2	118572226	118589954	1
2	118589955	118673053	0
2	118673054	118771708	2
2	118771709	118846049	0
2	118846050	118867603	1
2	118867604	119599746	0
2	119599747	119605253	2
2	119605254	119699741	0
2	119699742	119752235	1
2	119752236	119913818	0
2	119913819	119916464	2
2	119916465	119981383	0
2	119981384	120023227	1
2	120023228	120059800	0
2	120059801	120124403	2
2	120124404	120124496	0
2	120124497	120130125	1
2	120130126	120187476	0
2	120187477	120196095	1
2	120196096	120197418	0
2	120197419	120282069	2
2	120282070	120302024	0
2	120302025	120419826	1
2	120419827	120436742	0
2	120436743	120444082	1
2	120444083	120517206	0
2	120517207	120741393	1
2	120741394	120770580	0
2	120770581	120936694	1
2	120936695	120978853	0
2	120978854	120980983	2
2	120980984	120997639	0
2	120997640	121052288	1
2	121052289	121103718	0
2	121103719	121109383	1
2	121109384	121221910	0
2	121221911	121223696	2
2	121223697	121493822	0
2	121493823	121750228	1
2	121750229	121974162	0
2	121974163	122042782	2
2	122042783	122095351	0
2	122095352	122407162	2
2	122407163	122484520	0
2	122484521	122494498	2
2	122494499	122494678	0
2	122494679	122525428	1
2	122525429	124782863	0
2	124782864	125672863	1
2	125672864	127413508	0
2	127413509	127454245	1
2	127454246	127656471	0
2	127656472	127659672	1
2	127659673	127805602	0
2	127805603	127864930	2
2	127864931	127941695	0
2	127941696	127977653	2
2	127977654	128014865	0
2	128014866	128051751	2
2	128051752	128056305	0
2	128056306	128146040	2
2	128146041	128176002	0
2	128176003	128186821	1
2	128186822	128238381	0
2	128238382	128284461	2
2	128284462	128293377	0
2	128293378	128395302	1
2	128395303	128395955	0
2	128395956	128403438	2
2	128403439	128410211	3
2	128410212	128439359	2
2	128439360	128458595	0
2	128458596	128458596	2
2	128458597	128461384	3
2	128461385	128568760	2
2	128568761	128603839	0
2	128603840	128615730	2
2	128615731	128619203	0
2	128619204	128643495	2
2	128643496	128698790	0
2	128698791	128785693	2
2	128785694	128848781	0
2	128848782	128953250	1
2	128953251	129023053	0
2	129023054	129076150	2
2	129076151	130737234	0
2	130737235	130740310	1
2	130740311	130831107	0
2	130831108	130886794	2
2	130886795	130896859	0
2	130896860	130902706	2
2	130902707	130908980	0
2	130908981	130939309	2
2	130939310	130940322	3
2	130940323	130948301	1
2	130948302	130949317	0
2	130949318	130956033	2
2	130956034	131095813	0
2	131095814	131099797	2
2	131099798	131099921	3
2	131099922	131104196	1
2	131104197	131113579	0
2	131113580	131132981	1
2	131132982	131217027	0
2	131217028	131267238	2
2	131267239	131278769	0
2	131278770	131285578	1
2	131285579	131296667	0
2	131296668	131307455	2
2	131307456	131328401	0
2	131328402	131339978	1
2	131339979	131350338	0
2	131350339	131357122	2
2	131357123	131369053	0
2	131369054	131415663	1
2	131415664	131486642	0
2	131486643	131487908	1
2	131487909	131513007	0
2	131513008	131525706	1
2	131525707	131595027	0
2	131595028	131804835	1
2	131804836	131805448	0
2	131805449	131851032	2
2	131851033	131862419	0
2	131862420	132111281	1
2	132111282	132233665	0
2	132233666	132240506	1
2	132240507	132241532	0
2	132241533	132249994	2
2	132249995	132285405	0
2	132285406	132291238	1
2	132291239	132479947	0
2	132479948	132524972	1
2	132524973	132552533	0
2	132552534	132559233	2
2	132559234	132905479	0
2	132905480	132919527	2
2	132919528	133174146	0
2	133174147	133402425	1
2	133402426	133404131	3
2	133404132	133429151	2
2	133429152	133429373	0
2	133429374	133874576	2
2	133874577	133876624	3
2	133876625	134326033	2
2	134326034	134877752	0
2	134877753	135212191	1
2	135212192	135213329	0
2	135213330	135476569	2
2	135476570	135596116	0
2	135596117	135659603	1
2	135659604	135675810	0
2	135675811	135716911	1
2	135716912	135722060	0
2	135722061	135805027	2
2	135805028	135809834	0
2	135809835	135933963	1
2	135933964	135954538	0
2	135954539	136288805	2
2	136288806	136289070	0
2	136289071	136482839	1
2	136482840	136499188	0
2	136499189	136542624	1
2	136542625	136545409	0
2	136545410	136594749	2
2	136594750	136597195	0
2	136597196	136633995	2
2	136633996	136664246	0
2	136664247	136743669	2
2	136743670	136871918	0
2	136871919	136875734	2
2	136875735	137523114	0
2	137523115	138435286	1
2	138435287	138721589	0
2	138721590	138773929	1
2	138773930	139259370	0
2	139259371	139331116	1
2	139331117	139428341	0
2	139428342	139537917	2
2	139537918	140988991	0
2	140988992	142889269	2
2	142889270	143635066	0
2	143635067	143799889	1
2	143799890	143848930	0
2	143848931	144525920	1
2	144525921	144695634	0
2	144695635	145090082	2
2	145090083	145141647	0
2	145141648	145278620	2
2	145278621	148602085	0
2	148602086	148687967	1
2	148687968	148688392	3
2	148688393	148778579	2
2	148778580	148779146	3
2	148779147	149275804	1
2	149275805	149402008	0
2	149402009	149545129	1
2	149545130	149632818	0
2	149632819	149883272	1
2	149883273	149894980	0
2	149894981	150071775	1
2	150071776	150186498	0
2	150186499	150330661	1
2	150330662	150426147	0
2	150426148	150444329	2
2	150444330	151324708	0
2	151324709	151395524	2
2	151395525	151857733	0
2	151857734	151905287	2
2	151905288	152104453	0
2	152104454	152118392	2
2	152118393	152126978	0
2	152126979	152146570	2
2	152146571	152214105	0
2	152214106	152236559	1
2	152236560	152266396	0
2	152266397	152338685	1
2	152338686	152341849	0
2	152341850	152591000	2
2	152591001	152655315	0
2	152655316	152685001	2
2	152685002	152689289	0
2	152689290	152955592	2
2	152955593	152973314	0
2	152973315	153032505	2
2	153032506	153191750	0
2	153191751	153506347	1
2	153506348	153508106	0
2	153508107	153574427	2
2	153574428	153574494	3
2	153574495	153617766	1
2	153617767	154333851	0
2	154333852	154335321	2
2	154335322	154728425	0
2	154728426	155310360	1
2	155310361	155554810	0
2	155554811	155714862	1
2	155714863	157180943	0
2	157180944	157198859	2
2	157198860	157291801	0
2	157291802	157352596	1
2	157352597	157352654	3
2	157352655	157442914	1
2	157442915	158114109	0
2	158114110	158170722	1
2	158170723	158175136	0
2	158175137	158184224	2
2	158184225	158271130	0
2	158271131	158345472	2
2	158345473	158383278	0
2	158383279	158485516	2
2	158485517	158592957	0
2	158592958	158732373	2
2	158732374	158733213	0
2	158733214	158992665	1
2	158992666	159027592	0
2	159027593	159313264	2
2	159313265	159313610	0
2	159313611	159539390	1
2	159539391	159651828	0
2	159651829	159719292	1
2	159719293	159825145	0
2	159825146	160089169	1
2	160089170	160092303	0
2	160092304	160143309	2
2	160143310	160175489	0
2	160175490	160473202	2
2	160473203	160568999	0
2	160569000	160625363	1
2	160625364	160627537	3
2	160627538	160761220	2
2	160761221	160794361	0
2	160794362	160919120	2
2	160919121	160956176	0
2	160956177	161056814	2
2	161056815	161128661	0
2	161128662	161350304	2
2	161350305	161993418	0
2	161993419	162092731	1
2	162092732	162164548	0
2	162164549	162268227	1
2	162268228	162272604	0
2	162272605	162282380	1
2	162282381	162480844	0
2	162480845	162841791	1
2	162841792	162848750	0
2	162848751	162931051	2
2	162931052	162999391	0
2	162999392	163008913	2
2	163008914	163027199	0
2	163027200	163100044	2
2	163100045	163123588	0
2	163123589	163175212	2
2	163175213	163175393	0
2	163175394	163227916	1
2	163227917	163228104	3
2	163228105	163695239	2
2	163695240	164449905	0
2	164449906	164592521	2
2	164592522	165349325	0
2	165349326	165478357	2
2	165478358	165536697	0
2	165536698	165700188	2
2	165700189	165752695	0
2	165752696	165812034	2
2	165812035	165944031	0
2	165944032	166060576	2
2	166060577	166095911	0
2	166095912	166248817	1
2	166248818	166326156	0
2	166326157	166545916	1
2	166545917	166604100	0
2	166604101	166651191	2
2	166651192	166713987	0
2	166713988	166810352	2
2	166810353	166845669	0
2	166845670	166930148	2
2	166930149	167051694	0
2	167051695	167232502	2
2	167232503	167260082	0
2	167260083	167350756	2
2	167350757	167744996	0
2	167744997	168116262	1
2	168116263	168675181	0
2	168675182	168730550	1
2	168730551	168810529	0
2	168810530	169104650	2
2	169104651	169312371	0
2	169312372	169631643	1
2	169631644	169643048	0
2	169643049	169722023	1
2	169722024	169727403	0
2	169727404	169757749	2
2	169757750	169764642	3
2	169764643	169769786	2
2	169769787	169779447	0
2	169779448	169887831	2
2	169887832	169921298	0
2	169921299	169952676	1
2	169952677	169983618	0
2	169983619	170219194	2
2	170219195	170335687	0
2	170335688	170382771	1
2	170382772	170386258	0
2	170386259	170430384	2
2	170430385	170440849	0
2	170440850	170497915	1
2	170497916	170501934	0
2	170501935	170550942	2
2	170550943	170550974	0
2	170550975	170633498	1
2	170633499	170648442	0
2	170648443	170666590	1
2	170666591	170668573	3
2	170668574	170681440	2
2	170681441	170683967	0
2	170683968	170940640	1
2	170940641	171034654	0
2	171034655	171511661	1
2	171511662	171568960	0
2	171568961	171571076	2
2	171571077	171571860	0
2	171571861	171574587	1
2	171574588	171640295	0
2	171640296	171655480	1
2	171655481	171669722	0
2	171669723	171717660	1
2	171717661	171785035	0
2	171785036	171823638	1
2	171823639	171847332	0
2	171847333	172087823	2
2	172087824	172173918	0
2	172173919	172290760	2
2	172290761	172291289	3
2	172291290	172341561	1
2	172341562	172378756	0
2	172378757	172414642	1
2	172414643	172543918	0
2	172543919	172560843	1
2	172560844	172567313	3
2	172567314	172604929	1
2	172604930	172640879	0
2	172640880	172750761	2
2	172750762	172778957	0
2	172778958	172848598	1
2	172848599	172864489	0
2	172864490	172947157	1
2	172947158	172949467	0
2	172949468	172954404	1
2	172954405	172964166	0
2	172964167	172967627	2
2	172967628	173292081	0
2	173292082	173371180	1
2	173371181	173420100	0
2	173420101	173489822	1
2	173489823	173600524	0
2	173600525	173917620	1
2	173917621	173940162	0
2	173940163	174132737	1
2	174132738	174219547	0
2	174219548	174233724	1
2	174233725	174771186	0
2	174771187	174830429	2
2	174830430	174937174	0
2	174937175	175113425	2
2	175113426	175199673	0
2	175199674	175200600	1
2	175200601	175202150	3
2	175202151	175203219	1
2	175203220	175212749	0
2	175212750	175260442	2
2	175260443	175260468	0
2	175260469	175294302	1
2	175294303	175296965	0
2	175296966	175351821	2
2	175351822	175424299	0
2	175424300	175547626	2
2	175547627	175612319	0
2	175612320	175629199	2
2	175629200	175664090	0
2	175664091	175870096	2
2	175870097	175936977	0
2	175936978	176033109	2
2	176033110	176040985	0
2	176040986	176049334	2
2	176049335	176788619	0
2	176788620	176867566	2
2	176867567	176942199	0
2	176942200	176948640	2
2	176948641	176957618	0
2	176957619	176960665	1
2	176960666	176964457	0
2	176964458	176966407	1
2	176966408	176972013	0
2	176972014	176974721	1
2	176974722	176981306	0
2	176981307	176984669	1
2	176984670	176987087	0
2	176987088	176989852	1
2	176989853	176994421	0
2	176994422	176997422	1
2	176997423	177001684	0
2	177001685	177037829	1
2	177037830	177053306	0
2	177053307	177055687	1
2	177055688	177134146	0
2	177134147	177202752	1
2	177202753	178077290	0
2	178077291	178088685	1
2	178088686	178092322	0
2	178092323	178257371	2
2	178257372	178257424	3
2	178257425	178408563	1
2	178408564	178413725	0
2	178413726	178417741	2
2	178417742	178477719	0
2	178477720	178483693	2
2	178483694	178487979	0
2	178487980	178973065	2
2	178973066	178977181	0
2	178977182	179003737	1
2	179003738	179059207	0
2	179059208	179264159	1
2	179264160	179296140	0
2	179296141	179315957	2
2	179315958	179316162	0
2	179316163	179326116	1
2	179326117	179328390	0
2	179328391	179343284	2
2	179343285	179345194	0
2	179345195	179381188	1
2	179381189	179390715	0
2	179390716	179914812	2
2	179914813	179966418	0
2	179966419	180129516	2
2	180129517	180306708	0
2	180306709	180726231	2
2	180726232	180809602	0
2	180809603	180871839	2
2	180871840	181831974	0
2	181831975	181928167	1
2	181928168	182321933	0
2	182321934	182400913	1
2	182400914	182401402	0
2	182401403	182521833	2
2	182521834	182541193	0
2	182541194	182545602	2
2	182545603	182756614	0
2	182756615	182795464	1
2	182795465	182850550	0
2	182850551	182996124	1
2	182996125	183004762	0
2	183004763	183387464	2
2	183387465	183580998	0
2	183580999	183659190	1
2	183659191	183698001	0
2	183698002	183731889	2
2	183731890	183773842	0
2	183773843	183903585	2
2	183903586	183943286	0
2	183943287	183964732	1
2	183964733	183982240	0
2	183982241	184026407	1
2	184026408	185463092	0
2	185463093	185804218	1
2	185804219	186603354	0
2	186603355	186698016	1
2	186698017	187350882	0
2	187350883	187367218	1
2	187367219	187367355	3
2	187367356	187374089	1
2	187374090	187454791	0
2	187454792	187545627	1
2	187545628	187558697	0
2	187558698	187630684	1
2	187630685	187692561	0
2	187692562	187713896	2
2	187713897	188207855	0
2	188207856	188313186	2
2	188313187	188328956	0
2	188328957	188430486	2
2	188430487	189156395	0
2	189156396	189460652	1
2	189460653	189598881	0
2	189598882	189654830	2
2	189654831	189839045	0
2	189839046	189877471	1
2	189877472	189896621	0
2	189896622	190044604	2
2	190044605	190306158	0
2	190306159	190340290	1
2	190340291	190425304	0
2	190425305	190448483	2
2	190448484	190526110	0
2	190526111	190535556	1
2	190535557	190540710	0
2	190540711	190611374	1
2	190611375	190611385	0
2	190611386	190627952	2
2	190627953	190635048	0
2	190635049	190649096	2
2	190649097	190649106	0
2	190649107	190742354	1
2	190742355	190920422	0
2	190920423	190927454	2
2	190927455	190954301	0
2	190954302	191054460	1
2	191054461	191064675	3
2	191064676	191068209	1
2	191068210	191208195	2
2	191208196	191208918	3
2	191208919	191236390	1
2	191236391	191273080	0
2	191273081	191367040	1
2	191367041	191369067	0
2	191369068	191399447	2
2	191399448	191511471	0
2	191511472	191557491	1
2	191557492	191745552	0
2	191745553	191830277	1
2	191830278	191833759	0
2	191833760	191885685	2
2	191885686	191894301	0
2	191894302	192016321	2
2	192016322	192109910	0
2	192109911	192290114	1
2	192290115	192542861	0
2	192542862	192561384	1
2	192561385	192699027	0
2	192699028	192711980	2
2	192711981	192813768	0
2	192813769	193060434	2
2	193060435	196440700	0
2	196440701	196602425	1
2	196602426	196602426	0
2	196602427	196933535	2
2	196933536	196998289	0
2	196998290	197041226	2
2	197041227	197059093	0
2	197059094	197458415	2
2	197458416	197504277	0
2	197504278	197597529	1
2	197597530	197627755	0
2	197627756	197664424	2
2	197664425	197669725	0
2	197669726	197674999	2
2	197675000	197697727	0
2	197697728	197792518	2
2	197792519	197831740	0
2	197831741	198175896	2
2	198175897	198254507	0
2	198254508	198299814	2
2	198299815	198318146	0
2	198318147	198340031	1
2	198340032	198351304	0
2	198351305	198364717	2
2	198364718	198364770	3
2	198364771	198364863	2
2	198364864	198364997	3
2	198364998	198365102	2
2	198365103	198368105	3
2	198368106	198380294	2
2	198380295	198381460	3
2	198381461	198418422	1
2	198418423	198432947	0
2	198432948	198540768	2
2	198540769	198557829	0
2	198557830	198591602	1
2	198591603	198639546	3
2	198639547	198651297	2
2	198651298	198669425	0
2	198669426	199013124	1
2	199013125	200134222	0
2	200134223	200335988	2
2	200335989	200625266	0
2	200625267	200715895	2
2	200715896	200775978	0
2	200775979	200792995	1
2	200792996	200794697	0
2	200794698	200820039	2
2	200820040	200820458	3
2	200820459	200873262	1
2	200873263	201170603	0
2	201170604	201346985	1
2	201346986	201353674	0
2	201353675	201374730	2
2	201374731	201374785	3
2	201374786	201374790	2
2	201374791	201448504	1
2	201448505	201450590	0
2	201450591	201541786	1
2	201541787	201675316	0
2	201675317	201688568	1
2	201688569	201717731	0
2	201717732	201729421	2
2	201729422	201735629	0
2	201735630	201754025	2
2	201754026	201754049	0
2	201754050	201768654	1
2	201768655	201773695	0
2	201773696	201828402	2
2	201828403	201838440	0
2	201838441	201936155	2
2	201936156	201936391	3
2	201936392	201950472	1
2	201950473	201980826	0
2	201980827	202041409	1
2	202041410	202047603	0
2	202047604	202094128	1
2	202094129	202098165	0
2	202098166	202152433	1
2	202152434	202152993	0
2	202152994	202222120	2
2	202222121	202241929	0
2	202241930	202252580	2
2	202252581	202316301	3
2	202316302	202345568	1
2	202345569	202352147	0
2	202352148	202483900	2
2	202483901	202484906	0
2	202484907	202508239	2
2	202508240	202509592	0
2	202509593	202563416	2
2	202563417	202565276	0
2	202565277	202645911	2
2	202645912	202655183	0
2	202655184	202760272	1
2	202760273	202899309	0
2	202899310	202903159	1
2	202903160	202937977	0
2	202937978	203059073	1
2	203059074	203070902	0
2	203070903	203103330	2
2	203103331	203104291	0
2	203104292	203104434	1
2	203104435	203130438	0
2	203130439	203168388	1
2	203168389	203241658	0
2	203241659	203432473	1
2	203432474	203499900	0
2	203499901	203634479	1
2	203634480	203640689	0
2	203640690	203736707	2
2	203736708	203739504	0
2	203739505	203776936	2
2	203776937	203776948	3
2	203776949	203851785	1
2	203851786	203879601	0
2	203879602	204091100	1
2	204091101	204103662	0
2	204103663	204162067	1
2	204162068	204192941	0
2	204192942	204259067	1
2	204259068	204312445	3
2	204312446	204400132	2
2	204400133	204571197	0
2	204571198	204603634	1
2	204603635	204732508	0
2	204732509	204738682	1
2	204738683	204801470	0
2	204801471	204826299	1
2	204826300	205410515	0
2	205410516	206484885	1
2	206484886	206547223	0
2	206547224	206662856	1
2	206662857	206858444	0
2	206858445	206951026	2
2	206951027	206979540	0
2	206979541	207024308	2
2	207024309	207024326	3
2	207024327	207027651	1
2	207027652	207040039	0
2	207040040	207082770	2
2	207082771	207139386	0
2	207139387	207179147	1
2	207179148	207220462	0
2	207220463	207220842	1
2	207220843	207308262	0
2	207308263	207485850	1
2	207485851	207516344	0
2	207516345	207583119	2
2	207583120	207602486	0
2	207602487	207630080	2
2	207630081	207630270	3
2	207630271	207657232	1
2	207657233	207804277	0
2	207804278	207834197	1
2	207834198	207938860	0
2	207938861	208031990	2
2	208031991	208394460	0
2	208394461	208445354	1
2	208445355	208462512	3
2	208462513	208468154	1
2	208468155	208490650	2
2	208490651	208576263	0
2	208576264	208626562	1
2	208626563	208627309	0
2	208627310	208634286	2
2	208634287	208693026	0
2	208693027	208890283	2
2	208890284	208986330	0
2	208986331	208989224	2
2	208989225	208992860	0
2	208992861	208994553	2
2	208994554	209007296	0
2	209007297	209010891	2
2	209010892	209025463	0
2	209025464	209028299	2
2	209028300	209030066	0
2	209030067	209054796	2
2	209054797	209100950	0
2	209100951	209130797	2
2	209130798	209130990	0
2	209130991	209223474	1
2	209223475	209271555	0
2	209271556	209359230	1
2	209359231	210288781	0
2	210288782	210598841	1
2	210598842	210636716	0
2	210636717	210864023	1
2	210864024	210867288	0
2	210867289	210886146	1
2	210886147	210886299	3
2	210886300	211036106	2
2	211036107	211052662	0
2	211052663	211090214	2
2	211090215	211154873	0
2	211154874	211179913	2
2	211179914	211295972	0
2	211295973	211342375	2
2	211342376	211342405	0
2	211342406	211543830	1
2	211543831	212240445	0
2	212240446	213403564	2
2	213403565	213864428	0
2	213864429	214017150	2
2	214017151	214149112	0
2	214149113	215275224	1
2	215275225	215275788	0
2	215275789	215443682	1
2	215443683	215590369	0
2	215590370	215674427	2
2	215674428	215796265	0
2	215796266	216003150	2
2	216003151	216176539	0
2	216176540	216214486	1
2	216214487	216225162	0
2	216225163	216300894	2
2	216300895	216809212	0
2	216809213	216898818	2
2	216898819	216903131	0
2	216903132	216946538	2
2	216946539	216946588	0
2	216946589	216967505	1
2	216967506	216972186	0
2	216972187	217071025	1
2	217071026	217122587	0
2	217122588	217236749	2
2	217236750	217277136	0
2	217277137	217347775	1
2	217347776	217362911	0
2	217362912	217443902	1
2	217443903	217497550	0
2	217497551	217529158	1
2	217529159	217536827	0
2	217536828	217560247	2
2	217560248	217724180	0
2	217724181	217724786	2
2	217724787	217735494	0
2	217735495	217736361	1
2	217736362	218568622	0
2	218568623	218621277	2
2	218621278	218664511	0
2	218664512	218867717	2
2	218867718	218933737	0
2	218933738	218955302	1
2	218955303	218990011	0
2	218990012	219001975	1
2	219001976	219027567	0
2	219027568	219031717	2
2	219031718	219081816	0
2	219081817	219119078	1
2	219119079	219124218	0
2	219124219	219128581	1
2	219128582	219128849	0
2	219128850	219134979	2
2	219134980	219135114	0
2	219135115	219138914	1
2	219138915	219157299	3
2	219157300	219211515	1
2	219211516	219221578	0
2	219221579	219232816	1
2	219232817	219246751	0
2	219246752	219261616	1
2	219261617	219263060	0
2	219263061	219270663	1
2	219270664	219283814	0
2	219283815	219314973	1
2	219314974	219318017	3
2	219318018	219433083	2
2	219433084	219433302	0
2	219433303	219461802	1
2	219461803	219472487	0
2	219472488	219501903	1
2	219501904	219502638	0
2	219502639	219523486	2
2	219523487	219524246	3
2	219524247	219524262	2
2	219524263	219528165	1
2	219528166	219528586	0
2	219528587	219536748	2
2	219536749	219537133	3
2	219537134	219567437	1
2	219567438	219575567	0
2	219575568	219620138	1
2	219620139	219646478	0
2	219646479	219680015	1
2	219680016	219687105	0
2	219687106	219696808	2
2	219696809	219724543	0
2	219724544	219738954	1
2	219738955	219745084	0
2	219745085	219758652	1
2	219758653	219824376	0
2	219824377	219826875	1
2	219826876	219845808	0
2	219845809	219850378	2
2	219850379	219854910	0
2	219854911	219858142	2
2	219858143	219867567	0
2	219867568	219906244	2
2	219906245	219919141	0
2	219919142	219925188	2
2	219925189	219940038	0
2	219940039	220025574	2
2	220025575	220026180	0
2	220026181	220034816	2
2	220034817	220036618	0
2	220036619	220040946	2
2	220040947	220041687	3
2	220041688	220042644	2
2	220042645	220042827	3
2	220042828	220050200	1
2	220050201	220059958	0
2	220059959	220074372	1
2	220074373	220074489	0
2	220074490	220083711	2
2	220083712	220084101	0
2	220084102	220094438	2
2	220094439	220094478	0
2	220094479	220101327	1
2	220101328	220101390	3
2	220101391	220110176	2
2	220110177	220110193	3
2	220110194	220110199	2
2	220110200	220114432	1
2	220114433	220115058	3
2	220115059	220142891	2
2	220142892	220143988	0
2	220143989	220151621	1
2	220151622	220154344	0
2	220154345	220174369	2
2	220174370	220192130	0
2	220192131	220197898	2
2	220197899	220238267	0
2	220238268	220264743	2
2	220264744	220283098	0
2	220283099	220291460	1
2	220291461	220299567	0
2	220299568	220362965	1
2	220362966	220363588	0
2	220363589	220371709	1
2	220371710	220379051	0
2	220379052	220403493	1
2	220403494	220403668	0
2	220403669	220408384	2
2	220408385	220408508	3
2	220408509	220415316	1
2	220415317	220415450	0
2	220415451	220436267	2
2	220436268	220436916	0
2	220436917	220440434	1
2	220440435	220462581	0
2	220462582	220481172	1
2	220481173	220492048	0
2	220492049	220506701	1
2	220506702	222282748	0
2	222282749	222438921	2
2	222438922	223064606	0
2	223064607	223162865	2
2	223162866	223163714	3
2	223163715	223169935	1
2	223169936	223289235	0
2	223289236	223425666	1
2	223425667	223435254	0
2	223435255	223521055	2
2	223521056	223536504	0
2	223536505	223574648	1
2	223574649	223725651	0
2	223725652	223809356	1
2	223809357	223916531	0
2	223916532	223920354	1
2	223920355	224461657	0
2	224461658	224467220	2
2	224467221	224616402	0
2	224616403	224702743	2
2	224702744	224740063	0
2	224740064	224810103	2
2	224810104	224822120	0
2	224822121	224832430	1
2	224832431	224839828	0
2	224839829	224904035	2
2	224904036	225243414	0
2	225243415	225266801	2
2	225266802	225334866	0
2	225334867	225450109	2
2	225450110	225629806	0
2	225629807	225907158	2
2	225907159	226265363	0
2	226265364	226518733	1
2	226518734	227596032	0
2	227596033	227664474	2
2	227664475	227700296	0
2	227700297	227863930	1
2	227863931	227867426	0
2	227867427	228028828	2
2	228028829	228029280	0
2	228029281	228179507	1
2	228179508	228189866	0
2	228189867	228222549	1
2	228222550	228226871	0
2	228226872	228246710	2
2	228246711	228336867	0
2	228336868	228425929	1
2	228425930	228474805	0
2	228474806	228498035	2
2	228498036	228550570	0
2	228550571	228582727	2
2	228582728	228678557	0
2	228678558	228682271	1
2	228682272	228735769	0
2	228735770	228789059	1
2	228789060	228844665	0
2	228844666	229046360	2
2	229046361	229888689	0
2	229888690	230136000	2
2	230136001	230222344	0
2	230222345	230579273	2
2	230579274	230628553	0
2	230628554	230787017	2
2	230787018	230787954	3
2	230787955	230877824	1
2	230877825	230899697	0
2	230899698	230933714	2
2	230933715	231033633	0
2	231033634	231067825	2
2	231067826	231084664	3
2	231084665	231090443	2
2	231090444	231268446	1
2	231268447	231280656	0
2	231280657	231408804	1
2	231408805	231577559	0
2	231577560	231685789	1
2	231685790	231729353	0
2	231729354	231743962	1
2	231743963	231772042	0
2	231772043	231825780	2
2	231825781	231860835	0
2	231860836	231889769	1
2	231889770	231902204	0
2	231902205	231914428	1
2	231914429	231921577	0
2	231921578	231972943	1
2	231972944	231989831	3
2	231989832	232037540	1
2	232037541	232063259	0
2	232063260	232209913	1
2	232209914	232260253	0
2	232260254	232265874	1
2	232265875	232316905	0
2	232316906	232317863	1
2	232317864	232318241	0
2	232318242	232329304	2
2	232329305	232387870	0
2	232387871	232395205	2
2	232395206	232457574	0
2	232457575	232458993	1
2	232458994	232571516	0
2	232571517	232571620	2
2	232571621	232572393	0
2	232572394	232578250	1
2	232578251	232597134	0
2	232597135	232646380	2
2	232646381	232650981	3
2	232650982	232673962	1
2	232673963	232786529	0
2	232786530	232791112	2
2	232791113	232825954	0
2	232825955	233209059	1
2	233209060	233243243	0
2	233243244	233247598	1
2	233247599	233271552	0
2	233271553	233275423	1
2	233275424	233320832	0
2	233320833	233324741	1
2	233324742	233344536	0
2	233344537	233352537	2
2	233352538	233385172	0
2	233385173	233390421	1
2	233390422	233390869	0
2	233390870	233400547	1
2	233400548	233404436	0
2	233404437	233411112	1
2	233411113	233412778	0
2	233412779	233414761	2
2	233414762	233415225	3
2	233415226	233448353	1
2	233448354	233470766	0
2	233470767	233547490	1
2	233547491	233562014	0
2	233562015	233631173	1
2	233631174	233641277	3
2	233641278	233741115	1
2	233741116	233743395	0
2	233743396	233877323	2
2	233877324	233877981	3
2	233877982	233880594	1
2	233880595	233897381	0
2	233897382	233899766	1
2	233899767	233924676	0
2	233924677	234116548	1
2	234116549	234118696	0
2	234118697	234204319	1
2	234204320	234216461	0
2	234216462	234255700	1
2	234255701	234263152	0
2	234263153	234380745	1
2	234380746	234384165	0
2	234384166	234475427	2
2	234475428	234526290	0
2	234526291	234681955	1
2	234681956	234684369	0
2	234684370	234742068	1
2	234742069	234745348	0
2	234745349	234763211	2
2	234763212	234826042	0
2	234826043	234928165	1
2	234928166	234959322	0
2	234959323	234985777	1
2	234985778	235401684	0
2	235401685	235405696	2
2	235405697	235860616	0
2	235860617	235964357	1
2	235964358	236402732	0
2	236402733	236682498	1
2	236682499	236684437	3
2	236684438	237040443	1
2	237040444	237073878	0
2	237073879	237077011	2
2	237077012	237102094	0
2	237102095	237173051	2
2	237173052	237232793	0
2	237232794	237416184	2
2	237416185	237476429	0
2	237476430	237491000	1
2	237491001	237993954	0
2	237993955	238009108	1
2	238009109	238165733	0
2	238165734	238166318	1
2	238166319	238232654	0
2	238232655	238323017	2
2	238323018	238330062	0
2	238330063	238333918	2
2	238333919	238394070	0
2	238394071	238463960	1
2	238463961	238475216	0
2	238475217	238475817	1
2	238475818	238482964	0
2	238482965	238499735	2
2	238499736	238499811	0
2	238499812	238504623	1
2	238504624	238536218	0
2	238536219	238688957	1
2	238688958	238707387	0
2	238707388	238751449	1
2	238751450	238767535	0
2	238767536	238820755	1
2	238820756	238875596	0
2	238875597	238951235	1
2	238951236	238969529	0
2	238969530	239008053	1
2	239008054	239008797	0
2	239008798	239041927	1
2	239041928	239047362	0
2	239047363	239061587	1
2	239061588	239067648	0
2	239067649	239077515	1
2	239077516	239079041	0
2	239079042	239112369	2
2	239112370	239133753	0
2	239133754	239140317	2
2	239140318	239146907	0
2	239146908	239149302	2
2	239149303	239152678	0
2	239152679	239192328	2
2	239192329	239192497	3
2	239192498	239198742	2
2	239198743	239229081	0
2	239229082	239309540	1
2	239309541	239335464	0
2	239335465	239360890	1
2	239360891	239756672	0
2	239756673	239795892	1
2	239795893	239969863	0
2	239969864	240322704	2
2	240322705	240323129	0
2	240323130	240324057	1
2	240324058	240499994	0
2	240499995	240507787	1
2	240507788	240684553	0
2	240684554	240724576	1
2	240724577	240831866	0
2	240831867	240964818	2
2	240964819	240968840	0
2	240968841	240969905	2
2	240969906	240981229	0
2	240981230	240982398	2
2	240982399	240984493	0
2	240984494	240985488	2
2	240985489	241053906	0
2	241053907	241064303	1
2	241064304	241065979	0
2	241065980	241076223	2
2	241076224	241078445	0
2	241078446	241083978	2
2	241083979	241375087	0
2	241375088	241388834	1
2	241388835	241396130	3
2	241396131	241407492	1
2	241407493	241418838	0
2	241418839	241499470	2
2	241499471	241500526	3
2	241500527	241505220	2
2	241505221	241508593	3
2	241508594	241508625	2
2	241508626	241520788	1
2	241520789	241526132	0
2	241526133	241570675	1
2	241570676	241615854	0
2	241615855	241622316	2
2	241622317	241624477	0
2	241624478	241624704	2
2	241624705	241631261	0
2	241631262	241637899	1
2	241637900	241653180	0
2	241653181	241759724	2
2	241759725	241807895	0
2	241807896	241818536	1
2	241818537	241825464	0
2	241825465	241836305	2
2	241836306	241858201	0
2	241858202	241905218	1
2	241905219	241906848	0
2	241906849	241932727	1
2	241932728	241938254	0
2	241938255	242028583	1
2	242028584	242033790	3
2	242033791	242033820	1
2	242033821	242034982	3
2	242034983	242041746	2
2	242041747	242045513	0
2	242045514	242088990	2
2	242088991	242089678	3
2	242089679	242123066	1
2	242123067	242127923	0
2	242127924	242164790	1
2	242164791	242166678	0
2	242166679	242167318	2
2	242167319	242168849	3
2	242168850	242254514	2
2	242254515	242255256	3
2	242255257	242255275	2
2	242255276	242256475	3
2	242256476	242293441	1
2	242293442	242295657	0
2	242295658	242432088	1
2	242432089	242434255	3
2	242434256	242449144	2
2	242449145	242498135	0
2	242498136	242513545	1
2	242513546	242523819	0
2	242523820	242576627	2
2	242576628	242576863	3
2	242576864	242613271	1
2	242613272	242615156	0
2	242615157	242626405	2
2	242626406	242641454	0
2	242641455	242668892	1
2	242668893	242673993	0
2	242673994	242708225	1
2	242708226	242716239	0
2	242716240	242743622	1
2	242743623	242749919	0
2	242749920	242758738	1
2	242758739	242792032	0
2	242792033	242801059	2
2	242801060	242811880	0
2	242811881	242815974	1
2	242815975	242836135	0
2	242836136	242844701	2
