<CHROM>	<START>	<END>	<TSB>
3	0	238278	0
3	238279	451089	1
3	451090	1134259	0
3	1134260	1445900	1
3	1445901	2140496	0
3	2140497	3099644	1
3	3099645	3111232	0
3	3111233	3168296	2
3	3168297	3168599	0
3	3168600	3190706	1
3	3190707	3191694	0
3	3191695	3221393	2
3	3221394	3841120	0
3	3841121	3869103	1
3	3869104	3889386	3
3	3889387	4344987	2
3	4344988	4359250	3
3	4359251	4508964	2
3	4508965	4535031	0
3	4535032	4855980	1
3	4855981	4889523	3
3	4889524	4928976	2
3	4928977	5020800	0
3	5020801	5027007	1
3	5027008	5163904	0
3	5163905	5222595	1
3	5222596	5229226	0
3	5229227	5229357	2
3	5229358	5229981	3
3	5229982	5261641	1
3	5261642	6811755	0
3	6811756	7783214	1
3	7783215	8543392	0
3	8543393	8609804	1
3	8609805	8661085	0
3	8661086	8723756	2
3	8723757	8775485	0
3	8775486	8788450	1
3	8788451	8792093	0
3	8792094	8811313	2
3	8811314	8817087	0
3	8817088	9005456	2
3	9005457	9022274	0
3	9022275	9291062	2
3	9291063	9404525	0
3	9404526	9428474	1
3	9428475	9439402	0
3	9439403	9520923	1
3	9520924	9543480	0
3	9543481	9595485	2
3	9595486	9691116	0
3	9691117	9744076	1
3	9744077	9745490	0
3	9745491	9771591	1
3	9771592	9773412	0
3	9773413	9789701	1
3	9789702	9791627	0
3	9791628	9799025	1
3	9799026	9799090	3
3	9799091	9803371	1
3	9803372	9808420	3
3	9808421	9821543	1
3	9821544	9829902	3
3	9829903	9834178	2
3	9834179	9834430	3
3	9834431	9834694	2
3	9834695	9879532	1
3	9879533	9885699	3
3	9885700	9896821	1
3	9896822	9908397	0
3	9908398	9921934	2
3	9921935	9932237	0
3	9932238	9936032	1
3	9936033	9944302	0
3	9944303	9958085	1
3	9958086	9958757	0
3	9958758	9975304	1
3	9975305	9975505	0
3	9975506	9987096	1
3	9987097	9987225	0
3	9987226	9994077	2
3	9994078	10004220	0
3	10004221	10052799	2
3	10052800	10068097	0
3	10068098	10123003	1
3	10123004	10141343	3
3	10141344	10143613	1
3	10143614	10149914	2
3	10149915	10157275	0
3	10157276	10168873	1
3	10168874	10182691	0
3	10182692	10193903	1
3	10193904	10206548	0
3	10206549	10285426	1
3	10285427	10289706	0
3	10289707	10322901	1
3	10322902	10327358	0
3	10327359	10334630	2
3	10334631	10342614	0
3	10342615	10362861	2
3	10362862	10365706	0
3	10365707	10749715	2
3	10749716	10857884	0
3	10857885	10982418	1
3	10982419	11034409	0
3	11034410	11080932	1
3	11080933	11178778	0
3	11178779	11305242	1
3	11305243	11313994	0
3	11313995	11597543	1
3	11597544	11599138	3
3	11599139	11762219	2
3	11762220	11831915	0
3	11831916	11888392	2
3	11888393	12194550	0
3	12194551	12200850	2
3	12200851	12328866	0
3	12328867	12475854	1
3	12475855	12525930	0
3	12525931	12581118	1
3	12581119	12581470	0
3	12581471	12587054	2
3	12587055	12598512	0
3	12598513	12625099	1
3	12625100	12625211	3
3	12625212	12705724	2
3	12705725	12775023	0
3	12775024	12810955	2
3	12810956	12837970	0
3	12837971	12875983	1
3	12875984	12876300	3
3	12876301	12876444	1
3	12876445	12883080	3
3	12883081	12913414	1
3	12913415	12938718	0
3	12938719	13114616	2
3	13114617	13357736	0
3	13357737	13461808	2
3	13461809	13521223	0
3	13521224	13547915	1
3	13547916	13573823	0
3	13573824	13679921	1
3	13679922	13857754	0
3	13857755	13921617	2
3	13921618	13978755	0
3	13978756	14107478	1
3	14107479	14153579	0
3	14153580	14166369	2
3	14166370	14166439	0
3	14166440	14185178	1
3	14185179	14186646	0
3	14186647	14219857	2
3	14219858	14220282	3
3	14220283	14242618	1
3	14242619	14444075	0
3	14444076	14530856	1
3	14530857	14693270	0
3	14693271	14714165	1
3	14714166	14716605	0
3	14716606	14814540	1
3	14814541	14860468	0
3	14860469	14975894	1
3	14975895	14989090	0
3	14989091	15090024	1
3	15090025	15095106	3
3	15095107	15106841	2
3	15106842	15111579	0
3	15111580	15140669	2
3	15140670	15247749	0
3	15247750	15294424	1
3	15294425	15296359	0
3	15296360	15382874	2
3	15382875	15422781	0
3	15422782	15468861	2
3	15468862	15469024	3
3	15469025	15469104	2
3	15469105	15480846	3
3	15480847	15482072	2
3	15482073	15484119	1
3	15484120	15491639	0
3	15491640	15563257	2
3	15563258	15602210	0
3	15602211	15642847	2
3	15642848	15643337	3
3	15643338	15687328	1
3	15687329	15708742	0
3	15708743	15901277	2
3	15901278	16216155	0
3	16216156	16273498	1
3	16273499	16299484	0
3	16299485	16306478	2
3	16306479	16306705	0
3	16306706	16357351	1
3	16357352	16378867	3
3	16378868	16391805	1
3	16391806	16555532	2
3	16555533	16628298	0
3	16628299	16711812	2
3	16711813	16926451	0
3	16926452	17132085	1
3	17132086	17198653	0
3	17198654	17784143	2
3	17784144	18386878	0
3	18386879	18487079	2
3	18487080	19189945	0
3	19189946	19577137	1
3	19577138	19920963	0
3	19920964	19988500	2
3	19988501	19988570	0
3	19988571	20026666	1
3	20026667	20026871	0
3	20026872	20053821	2
3	20053822	20081514	0
3	20081515	20195895	1
3	20195896	20202084	0
3	20202085	20227783	2
3	20227784	21459914	0
3	21459915	21792926	2
3	21792927	23244510	0
3	23244511	23633283	1
3	23633284	23847393	0
3	23847394	23932806	1
3	23932807	23933150	0
3	23933151	23958035	2
3	23958036	23958459	3
3	23958460	23958469	2
3	23958470	23960899	3
3	23960900	23986750	2
3	23986751	23988081	3
3	23988082	24022108	1
3	24022109	24158650	0
3	24158651	24536772	2
3	24536773	25215822	0
3	25215823	25639422	1
3	25639423	25639474	0
3	25639475	25706397	2
3	25706398	25760435	0
3	25760436	25824563	2
3	25824564	25824988	3
3	25824989	25831529	2
3	25831530	25836024	1
3	25836025	25900023	0
3	25900024	25915188	2
3	25915189	26664296	0
3	26664297	26752266	1
3	26752267	27151575	0
3	27151576	27410950	2
3	27410951	27414213	0
3	27414214	27525886	2
3	27525887	27757439	0
3	27757440	27764205	2
3	27764206	28283085	0
3	28283086	28356493	1
3	28356494	28366632	3
3	28366633	28390617	2
3	28390618	28390636	0
3	28390637	28579612	1
3	28579613	29322472	0
3	29322473	30051885	1
3	30051886	30647993	0
3	30647994	30735633	1
3	30735634	30767691	0
3	30767692	30936256	2
3	30936257	31574281	0
3	31574282	31679111	1
3	31679112	31699381	0
3	31699382	32022793	2
3	32022794	32023265	0
3	32023266	32033119	1
3	32033120	32147180	0
3	32147181	32210204	1
3	32210205	32280170	0
3	32280171	32411816	1
3	32411817	32433162	0
3	32433163	32497019	1
3	32497020	32522803	0
3	32522804	32544899	2
3	32544900	32567462	0
3	32567463	32612365	2
3	32612366	32726636	0
3	32726637	32815366	1
3	32815367	32859509	0
3	32859510	32939317	1
3	32939318	32993065	0
3	32993066	32997840	1
3	32997841	33038099	0
3	33038100	33138721	2
3	33138722	33155470	0
3	33155471	33189264	1
3	33189265	33191536	0
3	33191537	33260706	2
3	33260707	33318913	0
3	33318914	33429583	1
3	33429584	33429827	0
3	33429828	33482078	2
3	33482079	33537736	0
3	33537737	33759847	2
3	33759848	33839843	0
3	33839844	33911193	1
3	33911194	35680436	0
3	35680437	35835987	1
3	35835988	36421835	0
3	36421836	36589498	1
3	36589499	36753912	0
3	36753913	36781351	2
3	36781352	36868310	0
3	36868311	36986547	2
3	36986548	37027356	0
3	37027357	37034794	2
3	37034795	37034822	0
3	37034823	37094116	1
3	37094117	37107379	3
3	37107380	37218022	2
3	37218023	37284667	0
3	37284668	37408241	1
3	37408242	37427759	0
3	37427760	37476987	1
3	37476988	37493605	0
3	37493606	37865004	1
3	37865005	37903450	0
3	37903451	38025959	1
3	38025960	38029549	0
3	38029550	38048678	1
3	38048679	38048988	0
3	38048989	38071252	2
3	38071253	38080695	0
3	38080696	38164200	1
3	38164201	38165039	3
3	38165040	38178732	2
3	38178733	38179968	0
3	38179969	38184512	1
3	38184513	38206995	0
3	38206996	38296978	1
3	38296979	38307302	0
3	38307303	38319805	1
3	38319806	38323784	0
3	38323785	38360065	1
3	38360066	38388250	0
3	38388251	38456466	1
3	38456467	38495341	0
3	38495342	38534632	1
3	38534633	38537762	0
3	38537763	38583436	1
3	38583437	38589547	0
3	38589548	38691163	2
3	38691164	38738292	0
3	38738293	38835500	2
3	38835501	38887259	0
3	38887260	38992051	2
3	38992052	39093488	0
3	39093489	39137878	1
3	39137879	39138149	0
3	39138150	39149151	2
3	39149152	39149853	3
3	39149854	39180393	1
3	39180394	39183345	0
3	39183346	39196052	2
3	39196053	39224700	0
3	39224701	39234086	2
3	39234087	39304984	0
3	39304985	39323225	2
3	39323226	39371196	0
3	39371197	39375170	1
3	39375171	39424838	0
3	39424839	39438841	1
3	39438842	39448179	0
3	39448180	39454032	1
3	39454033	39508688	0
3	39508689	39567100	1
3	39567101	39850404	0
3	39850405	40301811	1
3	40301812	40351174	0
3	40351175	40353914	1
3	40353915	40428646	0
3	40428647	40470109	1
3	40470110	40498782	0
3	40498783	40503860	1
3	40503861	40518603	0
3	40518604	40531726	1
3	40531727	40547482	0
3	40547483	40560226	1
3	40560227	40566368	0
3	40566369	40579813	1
3	40579814	41236327	0
3	41236328	41281935	1
3	41281936	41288097	0
3	41288098	42003921	2
3	42003922	42132561	0
3	42132562	42267380	1
3	42267381	42299316	0
3	42299317	42307698	2
3	42307699	42438569	0
3	42438570	42452091	2
3	42452092	42530790	0
3	42530791	42579058	1
3	42579059	42589460	0
3	42589461	42623331	2
3	42623332	42623433	3
3	42623434	42632297	2
3	42632298	42636489	3
3	42636490	42642105	2
3	42642106	42642571	3
3	42642572	42690226	1
3	42690227	42695175	0
3	42695176	42709071	1
3	42709072	42727010	0
3	42727011	42734035	1
3	42734036	42734154	0
3	42734155	42744318	2
3	42744319	42749760	0
3	42749761	42814744	2
3	42814745	42825789	0
3	42825790	42846022	2
3	42846023	42850963	0
3	42850964	42897496	1
3	42897497	42908774	3
3	42908775	42913683	1
3	42913684	42917632	3
3	42917633	43099175	1
3	43099176	43120723	0
3	43120724	43147567	2
3	43147568	43328003	0
3	43328004	43392634	1
3	43392635	43407339	0
3	43407340	43731604	2
3	43731605	43733085	3
3	43733086	43760540	1
3	43760541	44283377	0
3	44283378	44373589	1
3	44373590	44379610	0
3	44379611	44450942	1
3	44450943	44481261	0
3	44481262	44519161	2
3	44519162	44540461	0
3	44540462	44552127	2
3	44552128	44596684	0
3	44596685	44689962	1
3	44689963	44690218	0
3	44690219	44702282	1
3	44702283	44754134	0
3	44754135	44765322	1
3	44765323	44771087	0
3	44771088	44778574	1
3	44778575	44790237	0
3	44790238	44803153	2
3	44803154	44803208	0
3	44803209	44894752	1
3	44894753	44903360	0
3	44903361	44907161	1
3	44907162	44916102	0
3	44916103	44956481	1
3	44956482	44956748	0
3	44956749	45017676	2
3	45017677	45017721	0
3	45017722	45052961	1
3	45052962	45067674	0
3	45067675	45077562	1
3	45077563	45123769	0
3	45123770	45187913	2
3	45187914	45265957	0
3	45265958	45267769	2
3	45267770	45429997	0
3	45429998	45590912	1
3	45590913	45635815	0
3	45635816	45727829	1
3	45727830	45730732	0
3	45730733	45786915	1
3	45786916	45796941	0
3	45796942	45838026	2
3	45838027	45864807	0
3	45864808	45927995	2
3	45927996	45944666	3
3	45944667	45957533	2
3	45957534	45959395	0
3	45959396	45982424	2
3	45982425	45989828	3
3	45989829	46037306	2
3	46037307	46058515	0
3	46058516	46069233	2
3	46069234	46205095	0
3	46205096	46243199	1
3	46243200	46249886	3
3	46249887	46308196	1
3	46308197	46395224	0
3	46395225	46402418	1
3	46402419	46411632	0
3	46411633	46417696	1
3	46417697	46448653	0
3	46448654	46451013	1
3	46451014	46477135	0
3	46477136	46526723	2
3	46526724	46538980	0
3	46538981	46542438	1
3	46542439	46556912	0
3	46556913	46598887	2
3	46598888	46601177	3
3	46601178	46616044	2
3	46616045	46621588	3
3	46621589	46623952	1
3	46623953	46710678	0
3	46710679	46735190	2
3	46735191	46742822	0
3	46742823	46752375	1
3	46752376	46753604	0
3	46753605	46854063	2
3	46854064	46871031	0
3	46871032	46875584	2
3	46875585	46899361	0
3	46899362	46919235	2
3	46919236	46923658	3
3	46923659	46927698	1
3	46927699	46930170	3
3	46930171	46945286	1
3	46945287	46963215	0
3	46963216	47021172	2
3	47021173	47023471	3
3	47023472	47051192	1
3	47051193	47058178	0
3	47058179	47205456	2
3	47205457	47269515	0
3	47269516	47324435	2
3	47324436	47324940	3
3	47324941	47388305	1
3	47388306	47422500	0
3	47422501	47454930	1
3	47454931	47455202	0
3	47455203	47518615	2
3	47518616	47537129	0
3	47537130	47555250	2
3	47555251	47603728	0
3	47603729	47622281	2
3	47622282	47626761	0
3	47626762	47823406	2
3	47823407	47844398	0
3	47844399	47891684	1
3	47891685	47892181	0
3	47892182	48130768	2
3	48130769	48198635	0
3	48198636	48229891	2
3	48229892	48264836	0
3	48264837	48266980	1
3	48266981	48282589	0
3	48282590	48334753	1
3	48334754	48340742	3
3	48340743	48343174	2
3	48343175	48348335	0
3	48348336	48369830	2
3	48369831	48413708	0
3	48413709	48436189	1
3	48436190	48445260	0
3	48445261	48471593	2
3	48471594	48473573	0
3	48473574	48481666	2
3	48481667	48481865	3
3	48481866	48485615	1
3	48485616	48488113	0
3	48488114	48509043	1
3	48509044	48509196	0
3	48509197	48542258	2
3	48542259	48555116	0
3	48555117	48598604	2
3	48598605	48599159	0
3	48599160	48601205	2
3	48601206	48601505	0
3	48601506	48632699	2
3	48632700	48636435	0
3	48636436	48647469	2
3	48647470	48658191	0
3	48658192	48659287	2
3	48659288	48663155	0
3	48663156	48672925	2
3	48672926	48673901	0
3	48673902	48700347	2
3	48700348	48701363	0
3	48701364	48723796	2
3	48723797	48725435	0
3	48725436	48754710	2
3	48754711	48782029	0
3	48782030	48885278	2
3	48885279	48894368	0
3	48894369	48936425	2
3	48936426	48955220	0
3	48955221	48956253	2
3	48956254	48956817	3
3	48956818	49023814	1
3	49023815	49027318	0
3	49027319	49052920	1
3	49052921	49053385	3
3	49053386	49057891	2
3	49057892	49058683	3
3	49058684	49060927	1
3	49060928	49061757	0
3	49061758	49066822	2
3	49066823	49067139	0
3	49067140	49131795	2
3	49131796	49133364	0
3	49133365	49142552	2
3	49142553	49145478	0
3	49145479	49158370	2
3	49158371	49158546	0
3	49158547	49170550	2
3	49170551	49199967	0
3	49199968	49203753	2
3	49203754	49209043	0
3	49209044	49213916	1
3	49213917	49215064	0
3	49215065	49229290	2
3	49229291	49235860	0
3	49235861	49295536	1
3	49295537	49297517	0
3	49297518	49298743	1
3	49298744	49306218	0
3	49306219	49377503	2
3	49377504	49394608	0
3	49394609	49396032	2
3	49396033	49396577	0
3	49396578	49449634	2
3	49449635	49449638	0
3	49449639	49453907	1
3	49453908	49454210	0
3	49454211	49460185	2
3	49460186	49460378	0
3	49460379	49466758	2
3	49466759	49506145	0
3	49506146	49573047	1
3	49573048	49591921	0
3	49591922	49708977	1
3	49708978	49711434	0
3	49711435	49721379	1
3	49721380	49721395	3
3	49721396	49726485	2
3	49726486	49726931	0
3	49726932	49754266	1
3	49754267	49757127	3
3	49757128	49757356	1
3	49757357	49758959	3
3	49758960	49761383	2
3	49761384	49761726	0
3	49761727	49823974	2
3	49823975	49828164	0
3	49828165	49837267	2
3	49837268	49840686	0
3	49840687	49842462	1
3	49842463	49842639	0
3	49842640	49851378	2
3	49851379	49866033	0
3	49866034	49894006	2
3	49894007	49895421	0
3	49895422	49907654	2
3	49907655	49924434	0
3	49924435	49941069	2
3	49941070	49941419	0
3	49941420	49946301	1
3	49946302	49954369	3
3	49954370	49967605	2
3	49967606	49977439	0
3	49977440	50114682	1
3	50114683	50126340	0
3	50126341	50156453	1
3	50156454	50192477	0
3	50192478	50226507	1
3	50226508	50229044	0
3	50229045	50233948	1
3	50233949	50263723	0
3	50263724	50296786	1
3	50296787	50316457	0
3	50316458	50325162	1
3	50325163	50325544	3
3	50325545	50336898	2
3	50336899	50337319	0
3	50337320	50349811	2
3	50349812	50355220	0
3	50355221	50360336	2
3	50360337	50362337	0
3	50362338	50365673	2
3	50365674	50367218	0
3	50367219	50378342	2
3	50378343	50378540	0
3	50378541	50384282	2
3	50384283	50384918	0
3	50384919	50388125	2
3	50388126	50388521	3
3	50388522	50392179	1
3	50392180	50397040	3
3	50397041	50400232	1
3	50400233	50405353	3
3	50405354	50541674	2
3	50541675	50595461	0
3	50595462	50606582	2
3	50606583	50608421	3
3	50608422	50622365	1
3	50622366	50643926	0
3	50643927	50649261	2
3	50649262	50649338	0
3	50649339	50686719	1
3	50686720	50712671	0
3	50712672	51421628	1
3	51421629	51422477	0
3	51422478	51426827	1
3	51426828	51428730	0
3	51428731	51433297	1
3	51433298	51435329	3
3	51435330	51534009	2
3	51534010	51575595	0
3	51575596	51738338	1
3	51738339	51741085	0
3	51741086	51752425	1
3	51752426	51812579	0
3	51812580	51813008	2
3	51813009	51851619	0
3	51851620	51864875	1
3	51864876	51895653	0
3	51895654	51897439	1
3	51897440	51907736	0
3	51907737	51909599	2
3	51909600	51928891	0
3	51928892	51937350	2
3	51937351	51967445	0
3	51967446	51975956	2
3	51975957	51976360	0
3	51976361	51982882	1
3	51982883	51989329	0
3	51989330	51991469	1
3	51991470	51991508	3
3	51991509	52005441	2
3	52005442	52008031	3
3	52008032	52009065	2
3	52009066	52017424	3
3	52017425	52023212	1
3	52023213	52027615	0
3	52027616	52029957	2
3	52029958	52082934	0
3	52082935	52090565	2
3	52090566	52097075	0
3	52097076	52097566	2
3	52097567	52109268	0
3	52109269	52188705	2
3	52188706	52232101	0
3	52232102	52248342	1
3	52248343	52255095	0
3	52255096	52273275	2
3	52273276	52279840	0
3	52279841	52284612	1
3	52284613	52288436	0
3	52288437	52321104	2
3	52321105	52322035	3
3	52322036	52329271	1
3	52329272	52350334	0
3	52350335	52434506	1
3	52434507	52435028	0
3	52435029	52444365	2
3	52444366	52444672	0
3	52444673	52457656	1
3	52457657	52467068	0
3	52467069	52479100	2
3	52479101	52485117	0
3	52485118	52488085	2
3	52488086	52489133	0
3	52489134	52527086	1
3	52527087	52529353	0
3	52529354	52558385	1
3	52558386	52558510	3
3	52558511	52569069	2
3	52569070	52570617	0
3	52570618	52579367	1
3	52579368	52613252	3
3	52613253	52715171	2
3	52715172	52719851	3
3	52719852	52719932	2
3	52719933	52728504	1
3	52728505	52728507	3
3	52728508	52738970	2
3	52738971	52739806	3
3	52739807	52740047	2
3	52740048	52742181	1
3	52742182	52744799	0
3	52744800	52804964	2
3	52804965	52811602	0
3	52811603	52826077	1
3	52826078	52828811	0
3	52828812	52843024	1
3	52843025	52846990	0
3	52846991	52864754	2
3	52864755	52867129	0
3	52867130	52931611	2
3	52931612	52937587	0
3	52937588	53080678	2
3	53080679	53122498	0
3	53122499	53164477	2
3	53164478	53190024	0
3	53190025	53226732	1
3	53226733	53258722	0
3	53258723	53290046	2
3	53290047	53317446	0
3	53317447	53381653	2
3	53381654	53528682	0
3	53528683	53846361	1
3	53846362	53847759	3
3	53847760	53880416	2
3	53880417	53880606	0
3	53880607	53899826	1
3	53899827	53901092	0
3	53901093	53916228	2
3	53916229	53918436	0
3	53918437	53926014	2
3	53926015	54156573	0
3	54156574	54952263	1
3	54952264	54962100	3
3	54962101	55108583	1
3	55108584	55499742	0
3	55499743	55523972	2
3	55523973	55542335	0
3	55542336	56502390	2
3	56502391	56591188	0
3	56591189	56654572	1
3	56654573	56655824	3
3	56655825	56655845	1
3	56655846	56717264	2
3	56717265	56761445	0
3	56761446	57094468	2
3	57094469	57109459	3
3	57109460	57113335	2
3	57113336	57124009	0
3	57124010	57204333	2
3	57204334	57231943	0
3	57231944	57260548	2
3	57260549	57261764	0
3	57261765	57302374	1
3	57302375	57307495	3
3	57307496	57326709	2
3	57326710	57327726	0
3	57327727	57530070	2
3	57530071	57542002	0
3	57542003	57552570	1
3	57552571	57557089	0
3	57557090	57583946	2
3	57583947	57611183	0
3	57611184	57678815	2
3	57678816	57741956	0
3	57741957	57914894	1
3	57914895	57994126	0
3	57994127	58157981	1
3	58157982	58177983	0
3	58177984	58200423	2
3	58200424	58223232	0
3	58223233	58280460	1
3	58280461	58291988	0
3	58291989	58310421	1
3	58310422	58318606	0
3	58318607	58411747	1
3	58411748	58413356	0
3	58413357	58419583	2
3	58419584	58477840	0
3	58477841	58488086	1
3	58488087	58490862	0
3	58490863	58523045	2
3	58523046	58549843	0
3	58549844	58613336	2
3	58613337	58619672	0
3	58619673	58652574	2
3	58652575	58703091	0
3	58703092	59035809	2
3	59035810	59735035	0
3	59735036	61237132	2
3	61237133	61547584	0
3	61547585	62283287	1
3	62283288	62304647	0
3	62304648	62321887	1
3	62321888	62355355	0
3	62355356	62359998	2
3	62359999	62384021	0
3	62384022	62861053	2
3	62861054	63263798	0
3	63263799	63602596	1
3	63602597	63638343	0
3	63638344	63664695	1
3	63664696	63805037	0
3	63805038	63819545	1
3	63819546	63834311	3
3	63834312	63849578	2
3	63849579	63850232	0
3	63850233	63989137	1
3	63989138	63996224	0
3	63996225	64009657	2
3	64009658	64079542	0
3	64079543	64431151	2
3	64431152	64501488	0
3	64501489	64673675	2
3	64673676	65339199	0
3	65339200	66024224	2
3	66024225	66119284	0
3	66119285	66429220	1
3	66429221	66429350	3
3	66429351	66438529	1
3	66438530	66551434	2
3	66551435	67048726	0
3	67048727	67061633	1
3	67061634	67410883	0
3	67410884	67705037	2
3	67705038	68053358	0
3	68053359	68594775	1
3	68594776	68780916	0
3	68780917	68981760	2
3	68981761	69024364	0
3	69024365	69063111	2
3	69063112	69068977	0
3	69068978	69101483	2
3	69101484	69103880	0
3	69103881	69129558	2
3	69129559	69134094	0
3	69134095	69155216	1
3	69155217	69156022	0
3	69156023	69172182	2
3	69172183	69219140	0
3	69219141	69591733	2
3	69591734	69788585	0
3	69788586	70017487	1
3	70017488	71003843	0
3	71003844	71633139	2
3	71633140	71724566	0
3	71724567	71803200	2
3	71803201	71803531	3
3	71803532	71803923	2
3	71803924	71805646	1
3	71805647	71820806	0
3	71820807	71834356	2
3	71834357	72420975	0
3	72420976	72496068	2
3	72496069	72798429	0
3	72798430	72911064	2
3	72911065	72937223	0
3	72937224	73118349	1
3	73118350	73431583	0
3	73431584	73674090	2
3	73674091	74311718	0
3	74311719	74570290	2
3	74570291	75713480	0
3	75713481	75716370	1
3	75716371	75779111	0
3	75779112	75834733	2
3	75834734	75955845	0
3	75955846	77699114	1
3	77699115	78646389	0
3	78646390	79816964	2
3	79816965	81538849	0
3	81538850	81811311	2
3	81811312	85008131	0
3	85008132	86123578	1
3	86123579	86987118	0
3	86987119	87040268	2
3	87040269	87276420	0
3	87276421	87304697	1
3	87304698	87308553	0
3	87308554	87325736	2
3	87325737	88039845	0
3	88039846	88042918	1
3	88042919	88101093	0
3	88101094	88108423	2
3	88108424	88184647	3
3	88184648	88188253	2
3	88188254	88193814	3
3	88193815	88198892	2
3	88198893	88199034	3
3	88199035	88207117	1
3	88207118	89156673	0
3	89156674	89531283	1
3	89531284	93591880	0
3	93591881	93692909	2
3	93692910	93698982	0
3	93698983	93733212	1
3	93733213	93747453	3
3	93747454	93774511	1
3	93774512	93776765	0
3	93776766	93781759	2
3	93781760	93781830	3
3	93781831	93782232	2
3	93782233	93847388	1
3	93847389	96335980	0
3	96335981	96336999	2
3	96337000	96533424	0
3	96533425	97468084	1
3	97468085	97483371	0
3	97483372	97517378	1
3	97517379	97540883	0
3	97540884	97594131	1
3	97594132	97595818	0
3	97595819	97660661	1
3	97660662	97663806	3
3	97663807	97663809	1
3	97663810	97691300	2
3	97691301	97806016	0
3	97806017	97806945	1
3	97806946	97851541	0
3	97851542	97852482	1
3	97852483	97868169	0
3	97868170	97869248	1
3	97869249	97887543	0
3	97887544	97888484	1
3	97888485	97983087	0
3	97983088	97984199	1
3	97984200	98001731	0
3	98001732	98002675	1
3	98002676	98072697	0
3	98072698	98073662	1
3	98073663	98109509	0
3	98109510	98110474	1
3	98110475	98188323	0
3	98188324	98189419	1
3	98189420	98216447	0
3	98216448	98216755	1
3	98216756	98217495	3
3	98217496	98241909	2
3	98241910	98250742	0
3	98250743	98251959	1
3	98251960	98298285	0
3	98298286	98312566	2
3	98312567	98451098	0
3	98451099	98514688	1
3	98514689	98514784	0
3	98514785	98620532	2
3	98620533	99357318	0
3	99357319	99518069	1
3	99518070	99536677	0
3	99536678	99549322	1
3	99549323	99567455	3
3	99567456	99616970	1
3	99616971	99833356	3
3	99833357	99897446	1
3	99897447	99904530	0
3	99904531	99909182	1
3	99909183	99979843	0
3	99979844	100044094	1
3	100044095	100053544	0
3	100053545	100075709	1
3	100075710	100082274	0
3	100082275	100120036	2
3	100120037	100120241	3
3	100120242	100175162	1
3	100175163	100211462	0
3	100211463	100296287	1
3	100296288	100328432	0
3	100328433	100414322	1
3	100414323	100428204	0
3	100428205	100467809	1
3	100467810	100467999	0
3	100468000	100712358	2
3	100712359	100941389	0
3	100941390	101039403	2
3	101039404	101043048	0
3	101043049	101232084	2
3	101232085	101280705	0
3	101280706	101285289	1
3	101285290	101292938	0
3	101292939	101313280	1
3	101313281	101367732	0
3	101367733	101396338	2
3	101396339	101399935	0
3	101399936	101405625	2
3	101405626	101442768	0
3	101442769	101489405	1
3	101489406	101498045	0
3	101498046	101579865	1
3	101579866	101818087	0
3	101818088	102198684	1
3	102198685	105085752	0
3	105085753	105295743	1
3	105295744	105374304	0
3	105374305	105588395	2
3	105588396	107096187	0
3	107096188	107097480	1
3	107097481	107241782	0
3	107241783	107530170	1
3	107530171	107762145	0
3	107762146	107809871	2
3	107809872	107879658	0
3	107879659	107941416	2
3	107941417	108015375	0
3	108015376	108097131	1
3	108097132	108099215	0
3	108099216	108248168	2
3	108248169	108268715	0
3	108268716	108308298	2
3	108308299	108308528	0
3	108308529	108413692	1
3	108413693	108474483	0
3	108474484	108476230	2
3	108476231	108541544	0
3	108541545	108573851	1
3	108573852	108626638	0
3	108626639	108672741	2
3	108672742	108677085	0
3	108677086	108836988	2
3	108836989	109012634	0
3	109012635	109035363	2
3	109035364	109044987	0
3	109044988	109056418	2
3	109056419	110607230	0
3	110607231	110612322	2
3	110612323	110788917	0
3	110788918	110994409	1
3	110994410	111011565	0
3	111011566	111311746	1
3	111311747	111314289	3
3	111314290	111371218	1
3	111371219	111393522	0
3	111393523	111695363	1
3	111695364	111697856	0
3	111697857	111712209	1
3	111712210	111717510	0
3	111717511	111732733	1
3	111732734	111753689	0
3	111753690	111800011	1
3	111800012	111805181	0
3	111805182	111838362	1
3	111838363	111839687	0
3	111839688	111852151	2
3	111852152	111859733	0
3	111859734	112013104	2
3	112013105	112051193	0
3	112051194	112081658	1
3	112081659	112182814	0
3	112182815	112218407	2
3	112218408	112251355	0
3	112251356	112280555	2
3	112280556	112280809	3
3	112280810	112280856	2
3	112280857	112280892	3
3	112280893	112304423	1
3	112304424	112323406	0
3	112323407	112360146	2
3	112360147	112534555	0
3	112534556	112565702	2
3	112565703	112640055	0
3	112640056	112693968	2
3	112693969	112709764	0
3	112709765	112720781	1
3	112720782	112721286	0
3	112721287	112738685	2
3	112738686	112929849	0
3	112929850	113005776	1
3	113005777	113006297	3
3	113006298	113006302	1
3	113006303	113160456	2
3	113160457	113161564	0
3	113161565	113234033	2
3	113234034	113251142	0
3	113251143	113348424	1
3	113348425	113367231	0
3	113367232	113415492	2
3	113415493	113435306	0
3	113435307	113465146	2
3	113465147	113465865	0
3	113465866	113530902	1
3	113530903	113557264	0
3	113557265	113666020	1
3	113666021	113666747	0
3	113666748	113682983	1
3	113682984	113684247	3
3	113684248	113724679	2
3	113724680	113775459	3
3	113775460	113807268	1
3	113807269	113847498	0
3	113847499	113918253	2
3	113918254	113953486	0
3	113953487	113956424	2
3	113956425	113995759	0
3	113995760	114029134	1
3	114029135	114056940	0
3	114056941	114866117	2
3	114866118	115342170	0
3	115342171	115440336	1
3	115440337	115521234	0
3	115521235	117716094	2
3	117716095	118619403	0
3	118619404	118864914	2
3	118864915	118864996	0
3	118864997	118923999	1
3	118924000	118930578	0
3	118930579	118959949	2
3	118959950	119013219	0
3	119013220	119139560	1
3	119139561	119148346	0
3	119148347	119187676	2
3	119187677	119187784	0
3	119187785	119213554	1
3	119213555	119217378	0
3	119217379	119243139	1
3	119243140	119243936	3
3	119243937	119278448	2
3	119278449	119298114	0
3	119298115	119308791	1
3	119308792	119316688	0
3	119316689	119348657	1
3	119348658	119360905	0
3	119360906	119379729	2
3	119379730	119388117	0
3	119388118	119396249	2
3	119396250	119421868	0
3	119421869	119485948	1
3	119485949	119499330	0
3	119499331	119537331	1
3	119537332	119540169	0
3	119540170	119813263	2
3	119813264	119884327	0
3	119884328	120003940	2
3	120003941	120043355	0
3	120043356	120068185	2
3	120068186	120111139	0
3	120111140	120170099	2
3	120170100	120315155	0
3	120315156	120321346	1
3	120321347	120347019	0
3	120347020	120401417	2
3	120401418	120405527	0
3	120405528	120461383	2
3	120461384	120461483	0
3	120461484	120501915	1
3	120501916	120626918	0
3	120626919	121143607	1
3	121143608	121150277	0
3	121150278	121264852	2
3	121264853	121289550	0
3	121289551	121305480	1
3	121305481	121311965	0
3	121311966	121349138	1
3	121349139	121350245	0
3	121350246	121379757	2
3	121379758	121382045	0
3	121382046	121468601	2
3	121468602	121488609	0
3	121488610	121553925	2
3	121553926	121554061	0
3	121554062	121605372	1
3	121605373	121612935	0
3	121612936	121662948	1
3	121662949	121706169	0
3	121706170	121741050	2
3	121741051	121774212	0
3	121774213	121839982	1
3	121839983	121902529	0
3	121902530	122005341	1
3	122005342	122044090	0
3	122044091	122060818	1
3	122060819	122078437	0
3	122078438	122102077	2
3	122102078	122103022	0
3	122103023	122130714	1
3	122130715	122131180	3
3	122131181	122134881	2
3	122134882	122140795	0
3	122140796	122233791	2
3	122233792	122246770	0
3	122246771	122283084	2
3	122283085	122283423	3
3	122283424	122294049	1
3	122294050	122296448	0
3	122296449	122357893	1
3	122357894	122399464	0
3	122399465	122449686	1
3	122449687	122458845	0
3	122458846	122512670	2
3	122512671	122513641	0
3	122513642	122599985	1
3	122599986	122628040	0
3	122628041	122746658	2
3	122746659	122785916	0
3	122785917	122880950	1
3	122880951	122920804	0
3	122920805	122992976	1
3	122992977	123001142	0
3	123001143	123168604	2
3	123168605	123210400	0
3	123210401	123304031	2
3	123304032	123328895	0
3	123328896	123603177	2
3	123603178	123616357	0
3	123616358	123680563	2
3	123680564	123687367	0
3	123687368	123711024	2
3	123711025	123798869	0
3	123798870	124445171	1
3	124445172	124449212	0
3	124449213	124464039	1
3	124464040	124480794	0
3	124480795	124620264	2
3	124620265	124624288	0
3	124624289	124653594	2
3	124653595	124684553	0
3	124684554	124774801	2
3	124774802	124801479	0
3	124801480	125094197	2
3	125094198	125165494	0
3	125165495	125239040	2
3	125239041	125247701	0
3	125247702	125313933	2
3	125313934	125648117	0
3	125648118	125655881	2
3	125655882	125687986	0
3	125687987	125702296	1
3	125702297	125725197	0
3	125725198	125820399	2
3	125820400	125822411	0
3	125822412	125916836	2
3	125916837	126061477	0
3	126061478	126076284	2
3	126076285	126113781	0
3	126113782	126155397	1
3	126155398	126156443	0
3	126156444	126194761	2
3	126194762	126200123	0
3	126200124	126236615	2
3	126236616	126243125	0
3	126243126	126262133	1
3	126262134	126268515	0
3	126268516	126277807	2
3	126277808	126290624	0
3	126290625	126373997	2
3	126373998	126423062	0
3	126423063	126679248	1
3	126679249	126707436	0
3	126707437	126756234	1
3	126756235	126911973	0
3	126911974	126917024	1
3	126917025	127291911	0
3	127291912	127317065	2
3	127317066	127317093	3
3	127317094	127341275	1
3	127341276	127348023	0
3	127348024	127391651	1
3	127391652	127391780	0
3	127391781	127399767	1
3	127399768	127407908	0
3	127407909	127542050	2
3	127542051	127634074	0
3	127634075	127706513	1
3	127706514	127770483	0
3	127770484	127783624	1
3	127783625	127788681	3
3	127788682	127790524	1
3	127790525	127872296	2
3	127872297	127872756	3
3	127872757	128127484	1
3	128127485	128181281	0
3	128181282	128186090	2
3	128186091	128198269	0
3	128198270	128212027	2
3	128212028	128290842	0
3	128290843	128294928	2
3	128294929	128338816	0
3	128338817	128399917	2
3	128399918	128444964	0
3	128444965	128533638	1
3	128533639	128598453	0
3	128598454	128628708	1
3	128628709	128631956	3
3	128631957	128712957	2
3	128712958	128720471	0
3	128720472	128759584	1
3	128759585	128779609	0
3	128779610	128781248	1
3	128781249	128806411	0
3	128806412	128880135	2
3	128880136	128888326	0
3	128888327	128902764	2
3	128902765	128968448	0
3	128968449	128996613	1
3	128996614	128997670	0
3	128997671	129025028	1
3	129025029	129033614	0
3	129033615	129035119	2
3	129035120	129120163	0
3	129120164	129147493	2
3	129147494	129149786	0
3	129149787	129158877	2
3	129158878	129158967	0
3	129158968	129239197	1
3	129239198	129247482	0
3	129247483	129254011	1
3	129254012	129262056	0
3	129262057	129270309	1
3	129270310	129274017	0
3	129274018	129325660	2
3	129325661	129366634	0
3	129366635	129612418	2
3	129612419	129693147	0
3	129693148	129696780	1
3	129696781	130064358	0
3	130064359	130203687	1
3	130203688	130279177	0
3	130279178	130396998	1
3	130396999	130397778	0
3	130397779	130465672	2
3	130465673	130569438	0
3	130569439	130732718	1
3	130732719	130735527	3
3	130735528	130735555	1
3	130735556	130745693	2
3	130745694	130746492	3
3	130746493	131069308	1
3	131069309	131100514	0
3	131100515	131107673	1
3	131107674	131181055	0
3	131181056	131221826	2
3	131221827	131252408	0
3	131252409	132004253	2
3	132004254	132036210	0
3	132036211	132087141	1
3	132087142	132136369	0
3	132136370	132257875	1
3	132257876	132276981	0
3	132276982	132316080	2
3	132316081	132321058	3
3	132321059	132373289	2
3	132373290	132378974	3
3	132378975	132379153	2
3	132379154	132379566	3
3	132379567	132396940	1
3	132396941	132399453	0
3	132399454	132441285	2
3	132441286	132757234	0
3	132757235	133116635	1
3	133116636	133118838	0
3	133118839	133194036	1
3	133194037	133292573	0
3	133292574	133309104	1
3	133309105	133319416	0
3	133319417	133380736	2
3	133380737	133464799	0
3	133464800	133497849	1
3	133497850	133502876	0
3	133502877	133540335	1
3	133540336	133543082	0
3	133543083	133614679	2
3	133614680	133646991	0
3	133646992	133648655	2
3	133648656	133651539	0
3	133651540	133748919	2
3	133748920	133794022	0
3	133794023	133969688	2
3	133969689	134074715	0
3	134074716	134094320	2
3	134094321	134196547	0
3	134196548	134204584	2
3	134204585	134204864	3
3	134204865	134204887	2
3	134204888	134205557	3
3	134205558	134293854	1
3	134293855	134321979	0
3	134321980	134334206	2
3	134334207	134369859	3
3	134369860	134369863	2
3	134369864	134979308	1
3	134979309	135684514	0
3	135684515	135866732	1
3	135866733	135867763	0
3	135867764	135916082	2
3	135916083	135969147	0
3	135969148	136055076	1
3	136055077	136056736	3
3	136056737	136056737	1
3	136056738	136471219	2
3	136471220	136537860	0
3	136537861	136574733	1
3	136574734	136581049	0
3	136581050	136668664	1
3	136668665	136676706	0
3	136676707	136729926	1
3	136729927	137483578	0
3	137483579	137484395	1
3	137484396	137717576	0
3	137717577	137752493	1
3	137752494	137780831	0
3	137780832	137834659	2
3	137834660	137842559	0
3	137842560	137851228	2
3	137851229	137879853	0
3	137879854	137893790	2
3	137893791	137906108	0
3	137906109	137980278	1
3	137980279	138015390	3
3	138015391	138017230	1
3	138017231	138048727	2
3	138048728	138066538	0
3	138066539	138124374	1
3	138124375	138153454	0
3	138153455	138197255	1
3	138197256	138213185	0
3	138213186	138313379	2
3	138313380	138327450	0
3	138327451	138352217	1
3	138352218	138372859	0
3	138372860	138553779	2
3	138553780	138663065	0
3	138663066	138665981	2
3	138665982	138666075	0
3	138666076	138672292	1
3	138672293	138722803	0
3	138722804	138724647	2
3	138724648	138725109	3
3	138725110	138737872	1
3	138737873	138739767	3
3	138739768	138760943	1
3	138760944	138763733	3
3	138763734	139074441	1
3	139074442	139075887	3
3	139075888	139108573	2
3	139108574	139171725	0
3	139171726	139199588	2
3	139199589	139236275	0
3	139236276	139258670	2
3	139258671	139279026	0
3	139279027	139396858	2
3	139396859	139654026	0
3	139654027	140296238	1
3	140296239	140396880	0
3	140396881	140419991	1
3	140419992	140660671	0
3	140660672	140698774	1
3	140698775	140770243	0
3	140770244	140867452	1
3	140867453	140947567	0
3	140947568	141013747	1
3	141013748	141043054	0
3	141043055	141168633	1
3	141168634	141205890	0
3	141205891	141334183	1
3	141334184	141457045	0
3	141457046	141466401	1
3	141466402	141496989	0
3	141496990	141537331	1
3	141537332	141594965	0
3	141594966	141645355	1
3	141645356	141663276	0
3	141663277	141868385	2
3	141868386	141882783	0
3	141882784	141944448	2
3	141944449	142025448	0
3	142025449	142166903	2
3	142166904	142168078	0
3	142168079	142297667	2
3	142297668	142315228	0
3	142315229	142432505	1
3	142432506	142442915	0
3	142442916	142526729	1
3	142526730	142536710	0
3	142536711	142608044	2
3	142608045	142668005	0
3	142668006	142682177	2
3	142682178	142683338	0
3	142683339	142779566	1
3	142779567	142838172	0
3	142838173	142841799	1
3	142841800	142984063	0
3	142984064	143567372	2
3	143567373	143690639	0
3	143690640	143711208	1
3	143711209	145782357	0
3	145782358	145784155	1
3	145784156	145787226	0
3	145787227	145881439	2
3	145881440	145910125	0
3	145910126	145968965	2
3	145968966	146151081	0
3	146151082	146213777	2
3	146213778	146232966	0
3	146232967	146262650	2
3	146262651	146294341	0
3	146294342	146324002	2
3	146324003	147103832	0
3	147103833	147111681	2
3	147111682	147124646	3
3	147124647	147134505	1
3	147134506	148415570	0
3	148415571	148460794	1
3	148460795	148508888	0
3	148508889	148577973	1
3	148577974	148583042	0
3	148583043	148614982	1
3	148614983	148709127	0
3	148709128	148745418	1
3	148745419	148747913	0
3	148747914	148804340	2
3	148804341	148847370	0
3	148847371	148880203	1
3	148880204	148891518	3
3	148891519	148939841	2
3	148939842	149036284	0
3	149036285	149052200	2
3	149052201	149086808	0
3	149086809	149095651	2
3	149095652	149191760	0
3	149191761	149221067	1
3	149221068	149235021	0
3	149235022	149421059	2
3	149421060	149456256	0
3	149456257	149470285	2
3	149470286	149478891	0
3	149478892	149510609	2
3	149510610	149530494	0
3	149530495	149679925	1
3	149679926	149682690	0
3	149682691	149689065	2
3	149689066	149690534	3
3	149690535	149768574	2
3	149768575	150126121	0
3	150126122	150184217	1
3	150184218	150259780	0
3	150259781	150264471	2
3	150264472	150301809	3
3	150301810	150320661	2
3	150320662	150320960	3
3	150320961	150348221	1
3	150348222	150377671	0
3	150377672	150421757	2
3	150421758	150458913	0
3	150458914	150481217	2
3	150481218	150588831	0
3	150588832	150612088	2
3	150612089	150643949	0
3	150643950	150690785	2
3	150690786	150804180	0
3	150804181	150915618	1
3	150915619	150920978	3
3	150920979	150929904	1
3	150929905	150996254	3
3	150996255	151011890	1
3	151011891	151034739	3
3	151034740	151044099	1
3	151044100	151047335	3
3	151047336	151055167	1
3	151055168	151102599	3
3	151102600	151143171	1
3	151143172	151154859	3
3	151154860	151176496	2
3	151176497	151451714	0
3	151451715	151475553	1
3	151475554	151531824	0
3	151531825	151546275	1
3	151546276	151591430	0
3	151591431	151602404	1
3	151602405	151985828	0
3	151985829	152057483	1
3	152057484	152058778	3
3	152058779	152183568	1
3	152183569	152552735	0
3	152552736	152555840	1
3	152555841	152880028	0
3	152880029	152886264	1
3	152886265	153202283	0
3	153202284	153220485	1
3	153220486	153838791	0
3	153838792	153975615	1
3	153975616	153990334	0
3	153990335	154042285	2
3	154042286	154055460	0
3	154055461	154147503	2
3	154147504	154741912	0
3	154741913	154901496	1
3	154901497	155093368	0
3	155093369	155462855	2
3	155462856	155480400	0
3	155480401	155524139	2
3	155524140	155538812	0
3	155538813	155572217	2
3	155572218	155588324	0
3	155588325	155661814	1
3	155661815	155755489	0
3	155755490	156256544	1
3	156256545	156257928	0
3	156257929	156272972	2
3	156272973	156391023	0
3	156391024	156424558	1
3	156424559	156544088	0
3	156544089	156763917	1
3	156763918	156864296	0
3	156864297	156878548	2
3	156878549	156977530	0
3	156977531	157154577	2
3	157154578	157161416	3
3	157161417	157251407	2
3	157251408	157261034	0
3	157261035	157395537	1
3	157395538	157814947	0
3	157814948	157823643	2
3	157823644	157823948	3
3	157823949	157824291	2
3	157824292	158263518	1
3	158263519	158288951	0
3	158288952	158324248	1
3	158324249	158362066	0
3	158362067	158363610	1
3	158363611	158387381	3
3	158387382	158410363	1
3	158410364	158414680	0
3	158414681	158449986	2
3	158449987	158450484	3
3	158450485	158547507	1
3	158547508	158787040	0
3	158787041	159615154	1
3	159615155	159706536	0
3	159706537	159713805	1
3	159713806	159733810	0
3	159733811	159744604	1
3	159744605	159943422	0
3	159943423	159945998	1
3	159945999	159974773	0
3	159974774	160117061	2
3	160117062	160117319	3
3	160117320	160117331	2
3	160117332	160150232	1
3	160150233	160152749	3
3	160152750	160203560	2
3	160203561	160212782	0
3	160212783	160283375	2
3	160283376	160394947	0
3	160394948	160396232	1
3	160396233	160473389	0
3	160473390	160796694	1
3	160796695	160801670	0
3	160801671	160822483	2
3	160822484	160823111	3
3	160823112	160823171	2
3	160823172	160971319	1
3	160971320	161062579	0
3	161062580	161090667	2
3	161090668	161214595	0
3	161214596	161221729	1
3	161221730	164696685	0
3	164696686	164796282	2
3	164796283	164904507	0
3	164904508	164914896	2
3	164914897	165490691	0
3	165490692	165555259	2
3	165555260	166958074	0
3	166958075	167098088	2
3	167098089	167159576	0
3	167159577	167371770	2
3	167371771	167401085	0
3	167401086	167452726	2
3	167452727	167453030	0
3	167453031	167543355	1
3	167543356	167726464	0
3	167726465	167813762	2
3	167813763	168801286	0
3	168801287	169381257	2
3	169381258	169484708	0
3	169484709	169487682	2
3	169487683	169490618	0
3	169490619	169507503	1
3	169507504	169511215	0
3	169511216	169530773	2
3	169530774	169539709	0
3	169539710	169555562	1
3	169555563	169556966	0
3	169556967	169587717	2
3	169587718	169629359	0
3	169629360	169656962	1
3	169656963	169684552	0
3	169684553	169716160	1
3	169716161	169755716	0
3	169755717	169803190	1
3	169803191	169804519	0
3	169804520	169899536	2
3	169899537	169940152	0
3	169940153	170023768	1
3	170023769	170075502	0
3	170075503	170114622	1
3	170114623	170136652	0
3	170136653	170177371	1
3	170177372	170303862	3
3	170303863	170578168	1
3	170578169	170582663	0
3	170582664	170588271	2
3	170588272	170606203	0
3	170606204	170626481	2
3	170626482	170714136	0
3	170714137	170744538	2
3	170744539	170779127	0
3	170779128	171178196	2
3	171178197	171318194	0
3	171318195	171528283	2
3	171528284	171561138	0
3	171561139	171577107	1
3	171577108	171757417	0
3	171757418	172019437	1
3	172019438	172019685	3
3	172019686	172119454	1
3	172119455	172162922	0
3	172162923	172166245	2
3	172166246	172223297	0
3	172223298	172241296	2
3	172241297	172348038	0
3	172348039	172361482	2
3	172361483	172361739	3
3	172361740	172429007	2
3	172429008	172468471	0
3	172468472	172539263	1
3	172539264	172607147	0
3	172607148	172859057	2
3	172859058	173114073	0
3	173114074	174004433	1
3	174004434	174158776	0
3	174158777	175523427	1
3	175523428	176737142	0
3	176737143	176915260	2
3	176915261	177990719	0
3	177990720	178562216	1
3	178562217	178735010	0
3	178735011	178790066	2
3	178790067	178865901	0
3	178865902	178957593	1
3	178957594	178957880	3
3	178957881	178984789	2
3	178984790	179040778	0
3	179040779	179053322	1
3	179053323	179065479	0
3	179065480	179112718	1
3	179112719	179116989	0
3	179116990	179169377	2
3	179169378	179280667	0
3	179280668	179306072	1
3	179306073	179306195	3
3	179306196	179322441	2
3	179322442	179322489	0
3	179322490	179345434	1
3	179345435	179370542	0
3	179370543	179507188	1
3	179507189	179512745	0
3	179512746	179754840	2
3	179754841	180319917	0
3	180319918	180320645	1
3	180320646	180328765	3
3	180328766	180331796	1
3	180331797	180335615	3
3	180335616	180585928	2
3	180585929	180588720	3
3	180588721	180700540	1
3	180700541	180701496	0
3	180701497	180707560	2
3	180707561	181429713	0
3	181429714	181432220	1
3	181432221	182511287	0
3	182511288	182639422	1
3	182639423	182655861	0
3	182655862	182703740	2
3	182703741	182733005	0
3	182733006	182833862	2
3	182833863	182840000	0
3	182840001	182881626	2
3	182881627	182895830	0
3	182895831	182971031	2
3	182971032	182991178	3
3	182991179	183146565	2
3	183146566	183205318	0
3	183205319	183273476	2
3	183273477	183353355	0
3	183353356	183402264	1
3	183402265	183415605	0
3	183415606	183530412	1
3	183530413	183533663	0
3	183533664	183543381	2
3	183543382	183547172	0
3	183547173	183602694	2
3	183602695	183637721	0
3	183637722	183735802	2
3	183735803	183749331	0
3	183749332	183757156	1
3	183757157	183770834	0
3	183770835	183778458	1
3	183778459	183814851	0
3	183814852	183824782	1
3	183824783	183853051	0
3	183853052	183960088	1
3	183960089	183966749	3
3	183966750	183977000	1
3	183977001	183979250	3
3	183979251	184063972	1
3	184063973	184079438	3
3	184079439	184089722	1
3	184089723	184095931	3
3	184095932	184402545	1
3	184402546	184428155	0
3	184428156	184429835	2
3	184429836	184529930	0
3	184529931	184770401	1
3	184770402	184795837	0
3	184795838	184870801	2
3	184870802	184908411	0
3	184908412	184971885	2
3	184971886	185000728	0
3	185000729	185206884	1
3	185206885	185207388	0
3	185207389	185216844	2
3	185216845	185224049	0
3	185224050	185270400	2
3	185270401	185300283	0
3	185300284	185351338	1
3	185351339	185361526	0
3	185361527	185431079	2
3	185431080	185435954	3
3	185435955	185542843	2
3	185542844	185633693	0
3	185633694	185655923	2
3	185655924	185764096	0
3	185764097	185828106	2
3	185828107	185864989	0
3	185864990	186080025	2
3	186080026	186256229	0
3	186256230	186285191	2
3	186285192	186288331	3
3	186288332	186315060	1
3	186315061	186330711	0
3	186330712	186339106	1
3	186339107	186353757	0
3	186353758	186370878	1
3	186370879	186383740	0
3	186383741	186396028	1
3	186396029	186435064	0
3	186435065	186461742	1
3	186461743	186500993	0
3	186500994	186507668	1
3	186507669	186507688	3
3	186507689	186524846	2
3	186524847	186560462	0
3	186560463	186576251	1
3	186576252	186648273	0
3	186648274	186796340	1
3	186796341	186838735	0
3	186838736	186898695	2
3	186898696	186915273	0
3	186915274	186919252	1
3	186919253	186935941	0
3	186935942	187009809	2
3	187009810	187086119	0
3	187086120	187089863	1
3	187089864	187386693	0
3	187386694	187388186	2
3	187388187	187416046	0
3	187416047	187420100	2
3	187420101	187420344	3
3	187420345	187439164	1
3	187439165	187451636	3
3	187451637	187463514	2
3	187463515	187871071	0
3	187871072	188608459	1
3	188608460	188665002	0
3	188665003	189043092	1
3	189043093	189349215	0
3	189349216	189615067	1
3	189615068	189674516	0
3	189674517	189840225	2
3	189840226	190023489	0
3	190023490	190040263	2
3	190040264	190105660	0
3	190105661	190129931	1
3	190129932	190146443	0
3	190146444	190167664	2
3	190167665	190231839	0
3	190231840	190375842	1
3	190375843	190570666	0
3	190570667	190580403	2
3	190580404	190917029	0
3	190917030	190983403	1
3	190983404	190984956	0
3	190984957	191046865	2
3	191046866	191048324	3
3	191048325	191116458	1
3	191116459	191178951	0
3	191178952	191179244	1
3	191179245	191857183	0
3	191857184	192485552	2
3	192485553	192514603	0
3	192514604	192635949	2
3	192635950	192958913	0
3	192958914	192988643	1
3	192988644	192992578	0
3	192992579	193096631	2
3	193096632	193119865	0
3	193119866	193272910	2
3	193272911	193310932	0
3	193310933	193415611	1
3	193415612	193853933	0
3	193853934	193856520	1
3	193856521	194060493	0
3	194060494	194072056	2
3	194072057	194075975	0
3	194075976	194090471	2
3	194090472	194115549	0
3	194115550	194119994	2
3	194119995	194123400	0
3	194123401	194219092	2
3	194219093	194308401	0
3	194308402	194354417	2
3	194354418	194361516	0
3	194361517	194393205	2
3	194393206	194406621	0
3	194406622	194409761	1
3	194409762	194789007	0
3	194789008	194991895	2
3	194991896	194995464	0
3	194995465	195163806	2
3	195163807	195241220	0
3	195241221	195270208	2
3	195270209	195295572	0
3	195295573	195311075	2
3	195311076	195447752	0
3	195447753	195467993	1
3	195467994	195473635	0
3	195473636	195539147	2
3	195539148	195590234	0
3	195590235	195635954	2
3	195635955	195754053	0
3	195754054	195809059	2
3	195809060	195924319	0
3	195924320	195938265	2
3	195938266	195938357	0
3	195938358	195941092	1
3	195941093	195944740	3
3	195944741	195944762	2
3	195944763	195955755	3
3	195955756	195956875	2
3	195956876	195970048	3
3	195970049	196014827	2
3	196014828	196018089	0
3	196018090	196045158	2
3	196045159	196046212	0
3	196046213	196065373	2
3	196065374	196074532	0
3	196074533	196159344	2
3	196159345	196195653	0
3	196195654	196230638	2
3	196230639	196233747	0
3	196233748	196242236	2
3	196242237	196281055	0
3	196281056	196295481	2
3	196295482	196295509	3
3	196295510	196295544	2
3	196295545	196315929	1
3	196315930	196366556	0
3	196366557	196433147	1
3	196433148	196439163	3
3	196439164	196462877	1
3	196462878	196466727	0
3	196466728	196559517	1
3	196559518	196594726	0
3	196594727	196661584	1
3	196661585	196662276	0
3	196662277	196669467	2
3	196669468	196673213	0
3	196673214	196695741	2
3	196695742	196728610	0
3	196728611	196756686	2
3	196756687	196769430	0
3	196769431	197026170	2
3	197026171	197236653	0
3	197236654	197300193	2
3	197300194	197398263	0
3	197398264	197464049	2
3	197464050	197476569	3
3	197476570	197514466	1
3	197514467	197518105	0
3	197518106	197615306	1
3	197615307	197615945	0
3	197615946	197676857	2
3	197676858	197683480	3
3	197683481	197686889	2
3	197686890	197687070	0
3	197687071	197770590	1
