<CHROM>	<START>	<END>	<TSB>
6	0	291629	0
6	291630	351354	1
6	351355	391738	0
6	391739	411446	1
6	411447	485132	0
6	485133	693116	2
6	693117	1080163	0
6	1080164	1105180	1
6	1105181	1312674	0
6	1312675	1314991	1
6	1314992	1390068	0
6	1390069	1395831	1
6	1395832	1610680	0
6	1610681	1614126	1
6	1614127	1624040	0
6	1624041	2245925	2
6	2245926	2622146	0
6	2622147	2634836	2
6	2634837	2663862	0
6	2663863	2751199	2
6	2751200	2765647	0
6	2765648	2787185	1
6	2787186	2832565	0
6	2832566	2842239	2
6	2842240	2887499	0
6	2887500	2903513	2
6	2903514	2948392	0
6	2948393	2972089	2
6	2972090	2988220	0
6	2988221	3019995	1
6	3019996	3068657	0
6	3068658	3115420	1
6	3115421	3118607	0
6	3118608	3153811	1
6	3153812	3153902	0
6	3153903	3157759	2
6	3157760	3224494	0
6	3224495	3227968	2
6	3227969	3232040	0
6	3232041	3269195	1
6	3269196	3303606	3
6	3303607	3457255	2
6	3457256	3722853	0
6	3722854	3752259	2
6	3752260	3849619	0
6	3849620	3851550	1
6	3851551	3982908	0
6	3982909	3984371	1
6	3984372	4021559	0
6	4021560	4062140	1
6	4062141	4068595	0
6	4068596	4079439	2
6	4079440	4079454	3
6	4079455	4115922	1
6	4115923	4130997	3
6	4130998	4131184	1
6	4131185	4135830	2
6	4135831	4706392	0
6	4706393	4955784	1
6	4955785	4994965	0
6	4994966	5004280	2
6	5004281	5085719	0
6	5085720	5087454	1
6	5087455	5102826	0
6	5102827	5261171	2
6	5261172	5261276	0
6	5261277	5771812	1
6	5771813	5998231	0
6	5998232	6007199	2
6	6007200	6144317	0
6	6144318	6321245	2
6	6321246	6588340	0
6	6588341	6655215	1
6	6655216	7107829	0
6	7107830	7252212	1
6	7252213	7268538	0
6	7268539	7313439	2
6	7313440	7326891	0
6	7326892	7389728	2
6	7389729	7389975	3
6	7389976	7418269	1
6	7418270	7541807	0
6	7541808	7586949	1
6	7586950	7590431	0
6	7590432	7612199	1
6	7612200	7727029	0
6	7727030	7881482	1
6	7881483	7881654	3
6	7881655	8064646	2
6	8064647	8073592	0
6	8073593	8102810	2
6	8102811	8413300	0
6	8413301	8435793	2
6	8435794	9707994	0
6	9707995	10211840	2
6	10211841	10393418	0
6	10393419	10419870	2
6	10419871	10492455	0
6	10492456	10629600	1
6	10629601	10633992	0
6	10633993	10647500	1
6	10647501	10671650	0
6	10671651	10694927	2
6	10694928	10695029	3
6	10695030	10710014	1
6	10710015	10723147	0
6	10723148	10731361	1
6	10731362	10747991	0
6	10747992	10762955	1
6	10762956	10838727	3
6	10838728	10873455	1
6	10873456	10882173	3
6	10882174	10974541	1
6	10974542	10980991	0
6	10980992	11044546	2
6	11044547	11094265	0
6	11094266	11102721	1
6	11102722	11111964	3
6	11111965	11138963	1
6	11138964	11183530	0
6	11183531	11382580	2
6	11382581	11537937	0
6	11537938	11583756	1
6	11583757	11713756	0
6	11713757	11807278	2
6	11807279	12008994	0
6	12008995	12165231	1
6	12165232	12290595	0
6	12290596	12297426	1
6	12297427	12717892	0
6	12717893	13266773	1
6	13266774	13276354	3
6	13276355	13288644	1
6	13288645	13328814	2
6	13328815	13358061	0
6	13358062	13487893	2
6	13487894	13574825	0
6	13574826	13614789	1
6	13614790	13615558	0
6	13615559	13615727	1
6	13615728	13621125	3
6	13621126	13621436	1
6	13621437	13621729	0
6	13621730	13711795	2
6	13711796	13786788	0
6	13786789	13814799	2
6	13814800	13924676	0
6	13924677	13980532	1
6	13980533	14117871	0
6	14117872	14137148	1
6	14137149	15246526	0
6	15246527	15522251	1
6	15522252	15523031	0
6	15523032	15663272	2
6	15663273	16129355	0
6	16129356	16148478	1
6	16148479	16238810	0
6	16238811	16295779	1
6	16295780	16299342	0
6	16299343	16761720	2
6	16761721	17102488	0
6	17102489	17131602	1
6	17131603	17281576	0
6	17281577	17294105	1
6	17294106	17393446	0
6	17393447	17558022	1
6	17558023	17600585	0
6	17600586	17611949	1
6	17611950	17615268	0
6	17615269	17706655	2
6	17706656	17759413	0
6	17759414	17987853	2
6	17987854	18120717	0
6	18120718	18122850	2
6	18122851	18128541	0
6	18128542	18155304	2
6	18155305	18155559	0
6	18155560	18224083	1
6	18224084	18224098	0
6	18224099	18265053	2
6	18265054	18368778	0
6	18368779	18469104	1
6	18469105	19837616	0
6	19837617	19840914	1
6	19840915	20100934	0
6	20100935	20212669	2
6	20212670	20402397	0
6	20402398	20493940	1
6	20493941	20534687	0
6	20534688	21232634	1
6	21232635	21593971	0
6	21593972	21598846	1
6	21598847	22287479	0
6	22287480	22297729	2
6	22297730	22569677	0
6	22569678	22571891	1
6	22571892	24126349	0
6	24126350	24147638	1
6	24147639	24171983	0
6	24171984	24357130	2
6	24357131	24358279	3
6	24358280	24358511	1
6	24358512	24403152	0
6	24403153	24425809	1
6	24425810	24428404	0
6	24428405	24489849	2
6	24489850	24495079	0
6	24495080	24537434	1
6	24537435	24544331	0
6	24544332	24646382	2
6	24646383	24650204	0
6	24650205	24667260	2
6	24667261	24667262	0
6	24667263	24705088	1
6	24705089	24705292	3
6	24705293	24721063	2
6	24721064	24775158	0
6	24775159	24786326	1
6	24786327	24797548	0
6	24797549	25042237	2
6	25042238	25279655	0
6	25279656	25620757	1
6	25620758	25652463	0
6	25652464	25702010	1
6	25702011	25726290	0
6	25726291	25726789	2
6	25726790	25727136	0
6	25727137	25727572	1
6	25727573	25754926	0
6	25754927	25781418	1
6	25781419	25783124	0
6	25783125	25832286	2
6	25832287	25833293	0
6	25833294	25882513	2
6	25882514	25912981	0
6	25912982	25930945	2
6	25930946	25963029	0
6	25963030	25987383	1
6	25987384	26017259	0
6	26017260	26018039	2
6	26018040	26020717	0
6	26020718	26021185	1
6	26021186	26021906	0
6	26021907	26022277	1
6	26022278	26027123	0
6	26027124	26027479	2
6	26027480	26031816	0
6	26031817	26032287	2
6	26032288	26033319	0
6	26033320	26033795	2
6	26033796	26043454	0
6	26043455	26043884	2
6	26043885	26045638	0
6	26045639	26046096	1
6	26046097	26055967	0
6	26055968	26056698	2
6	26056699	26087508	0
6	26087509	26098570	1
6	26098571	26104103	0
6	26104104	26104517	1
6	26104518	26107639	0
6	26107640	26108363	2
6	26108364	26115100	0
6	26115101	26124153	2
6	26124154	26124372	0
6	26124373	26139311	1
6	26139312	26156558	0
6	26156559	26157342	1
6	26157343	26158348	0
6	26158349	26171576	1
6	26171577	26183957	0
6	26183958	26184453	1
6	26184454	26188937	0
6	26188938	26189303	2
6	26189304	26197067	0
6	26197068	26199520	2
6	26199521	26199747	0
6	26199748	26200941	1
6	26200942	26204857	0
6	26204858	26206265	1
6	26206266	26216427	0
6	26216428	26216871	2
6	26216872	26217164	0
6	26217165	26217710	1
6	26217711	26225382	0
6	26225383	26225843	1
6	26225844	26234439	0
6	26234440	26235215	2
6	26235216	26240560	0
6	26240561	26240975	1
6	26240976	26246885	0
6	26246886	26247258	2
6	26247259	26250369	0
6	26250370	26250834	2
6	26250835	26251878	0
6	26251879	26252302	1
6	26252303	26271145	0
6	26271146	26271611	2
6	26271612	26273143	0
6	26273144	26273621	1
6	26273622	26281282	0
6	26281283	26285761	2
6	26285762	26365386	0
6	26365387	26378545	1
6	26378546	26383323	0
6	26383324	26395101	1
6	26395102	26402464	0
6	26402465	26415443	1
6	26415444	26440699	0
6	26440700	26453642	1
6	26453643	26458152	0
6	26458153	26476848	1
6	26476849	26501448	0
6	26501449	26510649	1
6	26510650	26538632	0
6	26538633	26546481	1
6	26546482	26597179	0
6	26597180	26600277	1
6	26600278	26636517	0
6	26636518	26659979	2
6	26659980	27093675	0
6	27093676	27100540	2
6	27100541	27100831	0
6	27100832	27103069	1
6	27103070	27106072	0
6	27106073	27107075	2
6	27107076	27108417	3
6	27108418	27114618	2
6	27114619	27114860	0
6	27114861	27115316	1
6	27115317	27215479	0
6	27215480	27224249	1
6	27224250	27253681	0
6	27253682	27279948	2
6	27279949	27356496	0
6	27356497	27371682	1
6	27371683	27418521	0
6	27418522	27440896	2
6	27440897	27775256	0
6	27775257	27775708	2
6	27775709	27775898	0
6	27775899	27776428	1
6	27776429	27777841	0
6	27777842	27778313	1
6	27778314	27782111	0
6	27782112	27782606	2
6	27782607	27782821	0
6	27782822	27783266	1
6	27783267	27791883	0
6	27791884	27792256	1
6	27792257	27798951	0
6	27798952	27799304	2
6	27799305	27805657	0
6	27805658	27806116	2
6	27806117	27806378	0
6	27806379	27823486	1
6	27823487	27833033	0
6	27833034	27833605	1
6	27833606	27834569	0
6	27834570	27835358	2
6	27835359	27839622	0
6	27839623	27840098	2
6	27840099	27840925	0
6	27840926	27841288	2
6	27841289	27858092	0
6	27858093	27858569	2
6	27858570	27860476	0
6	27860477	27860962	2
6	27860963	27861202	0
6	27861203	27861668	1
6	27861669	27878962	0
6	27878963	27880173	2
6	27880174	27925018	0
6	27925019	27925959	1
6	27925960	28048752	0
6	28048753	28057340	1
6	28057341	28092337	0
6	28092338	28097859	1
6	28097860	28109715	0
6	28109716	28127249	1
6	28127250	28192663	0
6	28192664	28201259	1
6	28201260	28212400	0
6	28212401	28227010	2
6	28227011	28227097	0
6	28227098	28228735	1
6	28228736	28249313	0
6	28249314	28270325	1
6	28270326	28292513	0
6	28292514	28317690	2
6	28317691	28321971	3
6	28321972	28324047	2
6	28324048	28336946	1
6	28336947	28346731	0
6	28346732	28367510	2
6	28367511	28400431	0
6	28400432	28411243	2
6	28411244	28471072	0
6	28471073	28483569	2
6	28483570	28493701	0
6	28493702	28502728	1
6	28502729	28539406	0
6	28539407	28555111	2
6	28555112	28870778	0
6	28870779	28891765	2
6	28891766	28911653	0
6	28911654	28912313	1
6	28912314	28962561	0
6	28962562	28973036	2
6	28973037	29011989	0
6	29011990	29013016	2
6	29013017	29053984	0
6	29053985	29055089	2
6	29055090	29068385	0
6	29068386	29069657	1
6	29069658	29079667	0
6	29079668	29080602	1
6	29080603	29141310	0
6	29141311	29142350	1
6	29142351	29274402	0
6	29274403	29275518	1
6	29275519	29323006	0
6	29323007	29364415	2
6	29364416	29365447	3
6	29365448	29407082	2
6	29407083	29408730	3
6	29408731	29424847	2
6	29424848	29424957	0
6	29424958	29432104	1
6	29432105	29454473	0
6	29454474	29455737	2
6	29455738	29523291	0
6	29523292	29555682	2
6	29555683	29556744	3
6	29556745	29601752	2
6	29601753	29624757	0
6	29624758	29640148	1
6	29640149	29640168	0
6	29640169	29648886	2
6	29648887	29690551	0
6	29690552	29706233	1
6	29706234	29794743	0
6	29794744	29798901	1
6	29798902	29909036	0
6	29909037	29913660	1
6	29913661	30029030	0
6	30029031	30032685	1
6	30032686	30034485	0
6	30034486	30038042	1
6	30038043	30038109	3
6	30038110	30043663	2
6	30043664	30070673	0
6	30070674	30080882	2
6	30080883	30103884	0
6	30103885	30116511	1
6	30116512	30119721	0
6	30119722	30128710	2
6	30128711	30130992	0
6	30130993	30140472	1
6	30140473	30152231	0
6	30152232	30181203	2
6	30181204	30294255	0
6	30294256	30314633	1
6	30314634	30457243	0
6	30457244	30461981	1
6	30461982	30509153	0
6	30509154	30524662	2
6	30524663	30524950	3
6	30524951	30531499	1
6	30531500	30539152	0
6	30539153	30559308	1
6	30559309	30568176	0
6	30568177	30585020	2
6	30585021	30585485	0
6	30585486	30594171	1
6	30594172	30594618	0
6	30594619	30614599	1
6	30614600	30614815	0
6	30614816	30620895	1
6	30620896	30620985	3
6	30620986	30620986	1
6	30620987	30640813	2
6	30640814	30644165	0
6	30644166	30655671	2
6	30655672	30655823	0
6	30655824	30659196	2
6	30659197	30667583	0
6	30667584	30685665	2
6	30685666	30687977	0
6	30687978	30693202	1
6	30693203	30695485	0
6	30695486	30710509	2
6	30710510	30710975	0
6	30710976	30712330	2
6	30712331	30844197	0
6	30844198	30867932	1
6	30867933	30875960	0
6	30875961	30881882	1
6	30881883	30881981	0
6	30881982	30894235	1
6	30894236	30899129	0
6	30899130	30899951	2
6	30899952	30908748	0
6	30908749	30921997	1
6	30921998	30951494	0
6	30951495	30957679	1
6	30957680	30978250	0
6	30978251	31003178	1
6	31003179	31078999	0
6	31079000	31080335	2
6	31080336	31082607	0
6	31082608	31082866	1
6	31082867	31088222	3
6	31088223	31105312	1
6	31105313	31107126	3
6	31107127	31107868	1
6	31107869	31110215	0
6	31110216	31126014	2
6	31126015	31126318	0
6	31126319	31132118	1
6	31132119	31134935	3
6	31134936	31148507	2
6	31148508	31165536	0
6	31165537	31171744	1
6	31171745	31236525	0
6	31236526	31239862	2
6	31239863	31321648	0
6	31321649	31324964	2
6	31324965	31371355	0
6	31371356	31383091	1
6	31383092	31462657	0
6	31462658	31478900	1
6	31478901	31496493	0
6	31496494	31497995	1
6	31497996	31498008	3
6	31498009	31510224	2
6	31510225	31512238	0
6	31512239	31514646	2
6	31514647	31516203	3
6	31516204	31526605	1
6	31526606	31539830	0
6	31539831	31542100	1
6	31542101	31543343	0
6	31543344	31546112	1
6	31546113	31548331	0
6	31548332	31550203	2
6	31550204	31553900	0
6	31553901	31556671	1
6	31556672	31556685	3
6	31556686	31560761	2
6	31560762	31582960	0
6	31582961	31584797	1
6	31584798	31588496	0
6	31588497	31605547	1
6	31605548	31606804	0
6	31606805	31620192	2
6	31620193	31620481	3
6	31620482	31625986	1
6	31625987	31626074	0
6	31626075	31628548	2
6	31628549	31629005	0
6	31629006	31633012	2
6	31633013	31634059	3
6	31634060	31641322	1
6	31641323	31644460	0
6	31644461	31651816	2
6	31651817	31654725	0
6	31654726	31674639	2
6	31674640	31681848	3
6	31681849	31685694	1
6	31685695	31686424	0
6	31686425	31689621	2
6	31689622	31691120	0
6	31691121	31694490	1
6	31694491	31694814	0
6	31694815	31707539	2
6	31707540	31707724	0
6	31707725	31732627	1
6	31732628	31733366	0
6	31733367	31745107	2
6	31745108	31745294	0
6	31745295	31763729	2
6	31763730	31765172	0
6	31765173	31774760	2
6	31774761	31777395	0
6	31777396	31783290	2
6	31783291	31783436	3
6	31783437	31785722	1
6	31785723	31795511	0
6	31795512	31798030	1
6	31798031	31802384	0
6	31802385	31807540	1
6	31807541	31826828	0
6	31826829	31830682	2
6	31830683	31830968	0
6	31830969	31846822	2
6	31846823	31847535	0
6	31847536	31865460	2
6	31865461	31865561	0
6	31865562	31867383	1
6	31867384	31869768	3
6	31869769	31919860	1
6	31919861	31919863	0
6	31919864	31926856	2
6	31926857	31926886	3
6	31926887	31937531	1
6	31937532	31937586	0
6	31937587	31938942	2
6	31938943	31940068	3
6	31940069	31949227	1
6	31949228	31949800	0
6	31949801	31970457	1
6	31970458	31973944	0
6	31973945	31974880	2
6	31974881	31982538	0
6	31982539	32003194	1
6	32003195	32006041	0
6	32006042	32008930	1
6	32008931	32009446	3
6	32009447	32096029	2
6	32096030	32096483	0
6	32096484	32098067	2
6	32098068	32116135	0
6	32116136	32121217	2
6	32121218	32122149	3
6	32122150	32135988	1
6	32135989	32136057	3
6	32136058	32145872	2
6	32145873	32146130	0
6	32146131	32148744	1
6	32148745	32151929	3
6	32151930	32152100	2
6	32152101	32152511	0
6	32152512	32157962	2
6	32157963	32158542	0
6	32158543	32191843	2
6	32191844	32256302	0
6	32256303	32339683	2
6	32339684	32361739	0
6	32361740	32374904	2
6	32374905	32407618	0
6	32407619	32412822	1
6	32412823	32485119	0
6	32485120	32498063	2
6	32498064	32546545	0
6	32546546	32557624	2
6	32557625	32595955	0
6	32595956	32611428	1
6	32611429	32627243	0
6	32627244	32636159	2
6	32636160	32709118	0
6	32709119	32714991	1
6	32714992	32723874	0
6	32723875	32731310	2
6	32731311	32780539	0
6	32780540	32806598	2
6	32806599	32808493	0
6	32808494	32811912	2
6	32811913	32812479	3
6	32812480	32812985	1
6	32812986	32821754	3
6	32821755	32827361	1
6	32827362	32902405	0
6	32902406	32936436	2
6	32936437	32936870	3
6	32936871	32949281	1
6	32949282	32971954	0
6	32971955	32977388	2
6	32977389	33032345	0
6	33032346	33043702	2
6	33043703	33048486	3
6	33048487	33048551	2
6	33048552	33054977	1
6	33054978	33130457	0
6	33130458	33160275	2
6	33160276	33161364	0
6	33161365	33168221	2
6	33168222	33168464	3
6	33168465	33168602	2
6	33168603	33168629	3
6	33168630	33172215	1
6	33172216	33172418	0
6	33172419	33174607	1
6	33174608	33176271	0
6	33176272	33180498	1
6	33180499	33218048	0
6	33218049	33239716	2
6	33239717	33239786	0
6	33239787	33244286	1
6	33244287	33244916	0
6	33244917	33246601	1
6	33246602	33246884	0
6	33246885	33257078	2
6	33257079	33257303	3
6	33257304	33259430	1
6	33259431	33266177	3
6	33266178	33267100	2
6	33267101	33267470	0
6	33267471	33282163	2
6	33282164	33282182	0
6	33282183	33285718	2
6	33285719	33286334	0
6	33286335	33297012	2
6	33297013	33359312	0
6	33359313	33377700	1
6	33377701	33378175	0
6	33378176	33384218	1
6	33384219	33384229	3
6	33384230	33386093	2
6	33386094	33387846	0
6	33387847	33421465	1
6	33421466	33422355	0
6	33422356	33425324	1
6	33425325	33540328	0
6	33540329	33548018	2
6	33548019	33551514	0
6	33551515	33556802	1
6	33556803	33588141	0
6	33588142	33663125	1
6	33663126	33664350	3
6	33664351	33679503	2
6	33679504	33689443	0
6	33689444	33714761	2
6	33714762	33738978	0
6	33738979	33756912	2
6	33756913	33762449	0
6	33762450	33771787	2
6	33771788	33989627	0
6	33989628	34123398	2
6	34123399	34204649	0
6	34204650	34214007	1
6	34214008	34214156	0
6	34214157	34217246	2
6	34217247	34247455	0
6	34247456	34393901	2
6	34393902	34433915	0
6	34433916	34503005	1
6	34503006	34505578	0
6	34505579	34524109	2
6	34524110	34555064	0
6	34555065	34664635	2
6	34664636	34725182	0
6	34725183	34741570	1
6	34741571	34759856	0
6	34759857	34845554	1
6	34845555	34850914	3
6	34850915	34855865	2
6	34855866	34857041	0
6	34857042	35059178	1
6	35059179	35085847	0
6	35085848	35116386	2
6	35116387	35182189	0
6	35182190	35220855	1
6	35220856	35227247	0
6	35227248	35263761	1
6	35263762	35265594	0
6	35265595	35289547	1
6	35289548	35310334	0
6	35310335	35395967	1
6	35395968	35420137	0
6	35420138	35434879	1
6	35434880	35436184	0
6	35436185	35438561	1
6	35438562	35441373	0
6	35441374	35464852	2
6	35464853	35465650	0
6	35465651	35480714	2
6	35480715	35541361	0
6	35541362	35696359	2
6	35696360	35704808	0
6	35704809	35716855	1
6	35716856	35744391	0
6	35744392	35747328	1
6	35747329	35748793	0
6	35748794	35761451	1
6	35761452	35762758	0
6	35762759	35765087	2
6	35765088	35773069	0
6	35773070	35791851	1
6	35791852	35800742	0
6	35800743	35889118	2
6	35889119	35911290	0
6	35911291	35992644	2
6	35992645	35995487	0
6	35995488	36079012	1
6	36079013	36098097	0
6	36098098	36107841	1
6	36107842	36164520	0
6	36164521	36200566	1
6	36200567	36210979	0
6	36210980	36276371	1
6	36276372	36283533	0
6	36283534	36304661	2
6	36304662	36322418	0
6	36322419	36356163	2
6	36356164	36358327	0
6	36358328	36410543	2
6	36410544	36410665	3
6	36410666	36458919	1
6	36458920	36461668	0
6	36461669	36515246	2
6	36515247	36562144	0
6	36562145	36573376	1
6	36573377	36645587	0
6	36645588	36655115	1
6	36655116	36683255	0
6	36683256	36699869	1
6	36699870	36708554	0
6	36708555	36807777	2
6	36807778	36822602	0
6	36822603	36839645	2
6	36839646	36842799	3
6	36842800	36896739	1
6	36896740	36922208	0
6	36922209	36932612	1
6	36932613	36935916	0
6	36935917	36954073	2
6	36954074	36973422	0
6	36973423	36996845	1
6	36996846	37012606	0
6	37012607	37013176	1
6	37013177	37137978	0
6	37137979	37143201	1
6	37143202	37179955	0
6	37179956	37225398	2
6	37225399	37225547	0
6	37225548	37300745	1
6	37300746	37321747	0
6	37321748	37362513	1
6	37362514	37400995	0
6	37400996	37450602	1
6	37450603	37450695	0
6	37450696	37467697	2
6	37467698	37600283	0
6	37600284	37667081	2
6	37667082	37787274	0
6	37787275	38122399	1
6	38122400	38136226	0
6	38136227	38607923	2
6	38607924	38643700	0
6	38643701	38670916	2
6	38670917	38683116	0
6	38683117	38998300	1
6	38998301	39016573	0
6	39016574	39055518	1
6	39055519	39071839	0
6	39071840	39082964	2
6	39082965	39156748	0
6	39156749	39197225	2
6	39197226	39266776	0
6	39266777	39282328	2
6	39282329	39282473	0
6	39282474	39290743	2
6	39290744	39297765	0
6	39297766	39693180	2
6	39693181	39760141	0
6	39760142	39871940	1
6	39871941	39872643	3
6	39872644	39872647	1
6	39872648	39902289	2
6	39902290	40359324	0
6	40359325	40555203	2
6	40555204	40994771	0
6	40994772	41006927	2
6	41006928	41010292	0
6	41010293	41012075	1
6	41012076	41021042	0
6	41021043	41032249	1
6	41032250	41032516	0
6	41032517	41040683	2
6	41040684	41065496	3
6	41065497	41065525	2
6	41065526	41067714	1
6	41067715	41117079	0
6	41117080	41122074	2
6	41122075	41126243	0
6	41126244	41130923	2
6	41130924	41158014	0
6	41158015	41168931	2
6	41168932	41196061	0
6	41196062	41206119	1
6	41206120	41235663	0
6	41235664	41254456	2
6	41254457	41303392	0
6	41303393	41318624	1
6	41318625	41514163	0
6	41514164	41570121	1
6	41570122	41604619	0
6	41604620	41621983	1
6	41621984	41651715	0
6	41651716	41653963	2
6	41653964	41654126	3
6	41654127	41703996	2
6	41703997	41704448	0
6	41704449	41721846	2
6	41721847	41737913	0
6	41737914	41748499	2
6	41748500	41754279	3
6	41754280	41755109	1
6	41755110	41755399	0
6	41755400	41757633	1
6	41757634	41757635	3
6	41757636	41863098	2
6	41863099	41873091	0
6	41873092	41888856	2
6	41888857	41888925	0
6	41888926	41900783	1
6	41900784	41902670	0
6	41902671	42018094	2
6	42018095	42018250	0
6	42018251	42055198	1
6	42055199	42068855	0
6	42068856	42110356	2
6	42110357	42123143	0
6	42123144	42147793	1
6	42147794	42152138	0
6	42152139	42162653	2
6	42162654	42174538	0
6	42174539	42185602	2
6	42185603	42192668	0
6	42192669	42419788	2
6	42419789	42531799	0
6	42531800	42661241	1
6	42661242	42664339	0
6	42664340	42690311	2
6	42690312	42712218	0
6	42712219	42714557	2
6	42714558	42749764	0
6	42749765	42836297	1
6	42836298	42847372	0
6	42847373	42857662	1
6	42857663	42858004	0
6	42858005	42858553	2
6	42858554	42883726	0
6	42883727	42893572	1
6	42893573	42896937	0
6	42896938	42907024	1
6	42907025	42928495	0
6	42928496	42931607	1
6	42931608	42931617	3
6	42931618	42946957	2
6	42946958	42952236	0
6	42952237	42979831	1
6	42979832	42980079	3
6	42980080	42981705	2
6	42981706	42981950	0
6	42981951	42989035	1
6	42989036	42989382	0
6	42989383	42997334	1
6	42997335	43005354	0
6	43005355	43021682	2
6	43021683	43021766	0
6	43021767	43027331	2
6	43027332	43027543	3
6	43027544	43042836	1
6	43042837	43044005	0
6	43044006	43129456	1
6	43129457	43139036	0
6	43139037	43149242	1
6	43149243	43149912	0
6	43149913	43192324	1
6	43192325	43193366	0
6	43193367	43197221	2
6	43197222	43211417	0
6	43211418	43255996	1
6	43255997	43265735	0
6	43265736	43267447	1
6	43267448	43267803	3
6	43267804	43273209	1
6	43273210	43273275	3
6	43273276	43276534	2
6	43276535	43299226	0
6	43299227	43337180	2
6	43337181	43395103	0
6	43395104	43418089	1
6	43418090	43418167	3
6	43418168	43424369	2
6	43424370	43445260	0
6	43445261	43474293	1
6	43474294	43474706	0
6	43474707	43477439	2
6	43477440	43478423	3
6	43478424	43479564	1
6	43479565	43484727	3
6	43484728	43490071	1
6	43490072	43497322	3
6	43497323	43543811	2
6	43543812	43543886	0
6	43543887	43586700	1
6	43586701	43588226	0
6	43588227	43596898	2
6	43596899	43597276	0
6	43597277	43608688	1
6	43608689	43612782	0
6	43612783	43639039	1
6	43639040	43640335	3
6	43640336	43655527	2
6	43655528	43737949	0
6	43737950	43754223	1
6	43754224	43968316	0
6	43968317	43973694	1
6	43973695	44081193	0
6	44081194	44094650	2
6	44094651	44095193	3
6	44095194	44123255	1
6	44123256	44126547	0
6	44126548	44152138	1
6	44152139	44187241	0
6	44187242	44201887	1
6	44201888	44214823	0
6	44214824	44221619	1
6	44221620	44221832	0
6	44221833	44225290	2
6	44225291	44225902	0
6	44225903	44233499	2
6	44233500	44238202	0
6	44238203	44246479	1
6	44246480	44247180	3
6	44247181	44247896	1
6	44247897	44265457	3
6	44265458	44267390	1
6	44267391	44275242	3
6	44275243	44281062	2
6	44281063	44310396	0
6	44310397	44344903	1
6	44344904	44355261	0
6	44355262	44400471	1
6	44400472	44400719	3
6	44400720	44418162	1
6	44418163	44796468	0
6	44796469	45296059	2
6	45296060	45345669	3
6	45345670	45632085	1
6	45632086	45869497	0
6	45869498	46048131	2
6	46048132	46097729	0
6	46097730	46114435	1
6	46114436	46126923	0
6	46126924	46138707	2
6	46138708	46188474	0
6	46188475	46459708	2
6	46459709	46517540	0
6	46517541	46620522	2
6	46620523	46620677	0
6	46620678	46645929	1
6	46645930	46655611	0
6	46655612	46671937	1
6	46671938	46672055	3
6	46672056	46703429	2
6	46703430	46714653	0
6	46714654	46727242	1
6	46727243	46761126	0
6	46761127	46807514	1
6	46807515	46820248	0
6	46820249	46922679	2
6	46922680	46965439	0
6	46965440	47010098	2
6	47010099	47199267	0
6	47199268	47277640	2
6	47277641	47445524	0
6	47445525	47594998	1
6	47594999	47624171	0
6	47624172	47689756	1
6	47689757	47749717	0
6	47749718	47800515	1
6	47800516	47845763	0
6	47845764	48036424	2
6	48036425	49398072	0
6	49398073	49430903	2
6	49430904	49431090	0
6	49431091	49460819	1
6	49460820	49467670	0
6	49467671	49494759	1
6	49494760	49518112	0
6	49518113	49519807	1
6	49519808	49572870	0
6	49572871	49604551	2
6	49604552	49660072	0
6	49660073	49681273	2
6	49681274	49695096	0
6	49695097	49712149	2
6	49712150	49753365	0
6	49753366	49755052	2
6	49755053	49801969	0
6	49801970	49844808	2
6	49844809	49913813	0
6	49913814	49917156	2
6	49917157	49927961	0
6	49927962	49931817	2
6	49931818	49936389	0
6	49936390	49937337	2
6	49937338	49976850	0
6	49976851	49989693	2
6	49989694	50011287	0
6	50011288	50016363	2
6	50016364	50681540	0
6	50681541	50740700	1
6	50740701	50786435	0
6	50786436	50815325	1
6	50815326	51480097	0
6	51480098	51952422	2
6	51952423	52051184	0
6	52051185	52055435	1
6	52055436	52101478	0
6	52101479	52109334	2
6	52109335	52128806	0
6	52128807	52149634	2
6	52149635	52226218	0
6	52226219	52272574	1
6	52272575	52285105	0
6	52285106	52362199	1
6	52362200	52387891	3
6	52387892	52441712	2
6	52441713	52535906	0
6	52535907	52551385	1
6	52551386	52614896	0
6	52614897	52628366	2
6	52628367	52656461	0
6	52656462	52668707	2
6	52668708	52696452	0
6	52696453	52710892	2
6	52710893	52761436	0
6	52761437	52774482	2
6	52774483	52842750	0
6	52842751	52860175	2
6	52860176	52866076	0
6	52866077	52916788	2
6	52916789	52926567	3
6	52926568	52926599	2
6	52926600	52965670	1
6	52965671	52991761	0
6	52991762	53013626	2
6	53013627	53132195	0
6	53132196	53213946	2
6	53213947	53362138	0
6	53362139	53481767	2
6	53481768	53512698	0
6	53512699	53530505	2
6	53530506	53659777	0
6	53659778	53788918	1
6	53788919	53794779	0
6	53794780	54131077	1
6	54131078	54172763	0
6	54172764	54254949	1
6	54254950	54711568	0
6	54711569	54806819	1
6	54806820	55039049	0
6	55039050	55147417	1
6	55147418	55192266	0
6	55192267	55267290	1
6	55267291	55299166	0
6	55299167	55444011	2
6	55444012	55618442	0
6	55618443	55740361	2
6	55740362	55921387	0
6	55921388	56258891	2
6	56258892	56322784	0
6	56322785	56819425	2
6	56819426	56819772	0
6	56819773	56892139	1
6	56892140	56911346	0
6	56911347	56920022	1
6	56920023	56951641	0
6	56951642	57035104	1
6	57035105	57037123	0
6	57037124	57053606	1
6	57053607	57054630	3
6	57054631	57087077	2
6	57087078	57182421	0
6	57182422	57513374	1
6	57513375	62284007	0
6	62284008	62284533	1
6	62284534	62389864	0
6	62389865	62996131	2
6	62996132	63921350	0
6	63921351	63922928	1
6	63922929	63985855	0
6	63985856	64029881	2
6	64029882	64281916	0
6	64281917	64293491	1
6	64293492	64345724	0
6	64345725	64429875	1
6	64429876	64489100	3
6	64489101	66417117	2
6	66417118	69345258	0
6	69345259	70099402	1
6	70099403	70385693	0
6	70385694	70507002	2
6	70507003	70576462	0
6	70576463	70919678	1
6	70919679	70924763	0
6	70924764	71012785	2
6	71012786	71123010	0
6	71123011	71270876	1
6	71270877	71276619	0
6	71276620	71299271	1
6	71299272	71377478	0
6	71377479	71566381	1
6	71566382	71570868	3
6	71570869	71571717	1
6	71571718	71666740	2
6	71666741	71998505	0
6	71998506	72018652	1
6	72018653	72596405	0
6	72596406	73112844	1
6	73112845	73331519	0
6	73331520	73908573	1
6	73908574	73933266	0
6	73933267	73935174	2
6	73935175	73951036	0
6	73951037	74019937	2
6	74019938	74062784	0
6	74062785	74064017	2
6	74064018	74072399	0
6	74072400	74073893	1
6	74073894	74078277	0
6	74078278	74104470	2
6	74104471	74104815	3
6	74104816	74104855	2
6	74104856	74123237	1
6	74123238	74127291	3
6	74127292	74161998	2
6	74161999	74171300	0
6	74171301	74218958	1
6	74218959	74225472	0
6	74225473	74233519	2
6	74233520	74303101	0
6	74303102	74363877	2
6	74363878	74405507	0
6	74405508	74538039	1
6	74538040	75794041	0
6	75794042	75915766	2
6	75915767	75947390	0
6	75947391	75960038	2
6	75960039	75962639	0
6	75962640	75994683	2
6	75994684	76001574	0
6	76001575	76203453	2
6	76203454	76311224	0
6	76311225	76427996	1
6	76427997	76458908	0
6	76458909	76629253	1
6	76629254	76630831	0
6	76630832	76782394	2
6	76782395	78171947	0
6	78171948	78173489	2
6	78173490	78400374	0
6	78400375	78636690	1
6	78636691	79577188	0
6	79577189	79612818	1
6	79612819	79645583	0
6	79645584	79787952	2
6	79787953	79910961	0
6	79910962	79944405	2
6	79944406	80194707	0
6	80194708	80247174	2
6	80247175	80340999	0
6	80341000	80413371	1
6	80413372	80624528	0
6	80624529	80657296	2
6	80657297	80713603	0
6	80713604	80752243	1
6	80752244	80816363	0
6	80816364	81055986	1
6	81055987	82201155	0
6	82201156	82462490	2
6	82462491	82879699	0
6	82879700	82957470	2
6	82957471	83072922	0
6	83072923	83080544	1
6	83080545	83602116	0
6	83602117	83775559	2
6	83775560	83777384	0
6	83777385	83874591	1
6	83874592	83878126	3
6	83878127	83878246	1
6	83878247	83878437	3
6	83878438	83903097	2
6	83903098	83903632	3
6	83903633	83903654	2
6	83903655	83908650	1
6	83908651	83920107	0
6	83920108	84140796	2
6	84140797	84222193	0
6	84222194	84235422	1
6	84235423	84262598	0
6	84262599	84419409	2
6	84419410	84562984	0
6	84562985	84567233	1
6	84567234	84569361	0
6	84569362	84677142	1
6	84677143	84743474	0
6	84743475	84800599	1
6	84800600	84833959	0
6	84833960	84937352	2
6	84937353	85397090	0
6	85397091	85474236	2
6	85474237	86159808	0
6	86159809	86205499	1
6	86205500	86215213	0
6	86215214	86303873	2
6	86303874	86318052	0
6	86318053	86353509	2
6	86353510	87647023	0
6	87647024	87726348	1
6	87726349	87795215	0
6	87795216	87804823	2
6	87804824	87862550	0
6	87862551	87973913	1
6	87973914	87992695	0
6	87992696	88032300	2
6	88032301	88038995	3
6	88038996	88052042	1
6	88052043	88054566	0
6	88054567	88075180	1
6	88075181	88106839	0
6	88106840	88109466	1
6	88109467	88117700	0
6	88117701	88174182	1
6	88174183	88182642	0
6	88182643	88222053	1
6	88222054	88224095	0
6	88224096	88299720	2
6	88299721	88299838	0
6	88299839	88377168	1
6	88377169	88384789	0
6	88384790	88411926	2
6	88411927	88757506	0
6	88757507	88776549	1
6	88776550	88849582	0
6	88849583	88876077	2
6	88876078	89319984	0
6	89319985	89673347	2
6	89673348	89674245	0
6	89674246	89676684	1
6	89676685	89790469	0
6	89790470	89794878	1
6	89794879	89805677	0
6	89805678	89827799	2
6	89827800	89855768	0
6	89855769	89875283	1
6	89875284	89887219	0
6	89887220	89940996	2
6	89940997	89967238	0
6	89967239	90025017	2
6	90025018	90036343	0
6	90036344	90062566	2
6	90062567	90074354	0
6	90074355	90121988	2
6	90121989	90142888	0
6	90142889	90331097	1
6	90331098	90343552	3
6	90343553	90348471	2
6	90348472	90352217	0
6	90352218	90529441	2
6	90529442	90604187	0
6	90604188	90605838	1
6	90605839	90636247	0
6	90636248	91006626	2
6	91006627	91223291	0
6	91223292	91296763	2
6	91296764	93949737	0
6	93949738	94129264	2
6	94129265	96025418	0
6	96025419	96057332	1
6	96057333	96463859	0
6	96463860	96663487	1
6	96663488	96969683	0
6	96969684	97003151	1
6	97003152	97010423	0
6	97010424	97064511	1
6	97064512	97242001	0
6	97242002	97285352	2
6	97285353	97337188	0
6	97337189	97345756	2
6	97345757	97372604	0
6	97372605	97588629	1
6	97588630	97590036	0
6	97590037	97731051	2
6	97731052	99282579	0
6	99282580	99286659	1
6	99286660	99316419	0
6	99316420	99395848	2
6	99395849	99719044	0
6	99719045	99797530	2
6	99797531	99817275	0
6	99817276	99842079	2
6	99842080	99845926	0
6	99845927	99873206	2
6	99873207	99880189	0
6	99880190	99969603	2
6	99969604	99990255	0
6	99990256	100016848	2
6	100016849	100054605	0
6	100054606	100062634	1
6	100062635	100367785	0
6	100367786	100442122	2
6	100442123	100832890	0
6	100832891	100912804	2
6	100912805	100956069	0
6	100956070	101329239	2
6	101329240	101846663	0
6	101846664	102517957	1
6	102517958	105175967	0
6	105175968	105307793	2
6	105307794	105404922	0
6	105404923	105531206	1
6	105531207	105544696	0
6	105544697	105585048	2
6	105585049	105606154	0
6	105606155	105627734	2
6	105627735	105725439	0
6	105725440	105850958	2
6	105850959	106534194	0
6	106534195	106557813	1
6	106557814	106632350	0
6	106632351	106773665	2
6	106773666	106959729	0
6	106959730	107018325	1
6	107018326	107018902	0
6	107018903	107077372	2
6	107077373	107077452	0
6	107077453	107116291	1
6	107116292	107349406	0
6	107349407	107372545	1
6	107372546	107386385	0
6	107386386	107436472	2
6	107436473	107473760	0
6	107473761	107780767	2
6	107780768	107811161	0
6	107811162	107981356	1
6	107981357	108025307	0
6	108025308	108145520	2
6	108145521	108188959	0
6	108188960	108279392	2
6	108279393	108362612	0
6	108362613	108487043	2
6	108487044	108487261	0
6	108487262	108510012	1
6	108510013	108532425	0
6	108532426	108582463	2
6	108582464	108616097	0
6	108616098	108847203	1
6	108847204	108881037	0
6	108881038	109005976	1
6	109005977	109169618	0
6	109169619	109295185	1
6	109295186	109307639	0
6	109307640	109416021	2
6	109416022	109416312	0
6	109416313	109485134	1
6	109485135	109687716	0
6	109687717	109703761	2
6	109703762	109711417	0
6	109711418	109761965	2
6	109761966	109762373	3
6	109762374	109765121	1
6	109765122	109765264	0
6	109765265	109804439	2
6	109804440	109814058	0
6	109814059	110012419	2
6	110012420	110012498	0
6	110012499	110146630	1
6	110146631	110299513	0
6	110299514	110301920	1
6	110301921	110421021	0
6	110421022	110501206	2
6	110501207	110501343	0
6	110501344	110567130	1
6	110567131	110575477	3
6	110575478	110679474	2
6	110679475	110712973	0
6	110712974	110736764	2
6	110736765	110745889	0
6	110745890	110797843	2
6	110797844	110931180	0
6	110931181	111136839	2
6	111136840	111195972	0
6	111195973	111216915	1
6	111216916	111279762	0
6	111279763	111289092	1
6	111289093	111303217	0
6	111303218	111347302	1
6	111347303	111408780	0
6	111408781	111552396	1
6	111552397	111580550	0
6	111580551	111592369	1
6	111592370	111620233	0
6	111620234	111804914	2
6	111804915	111877656	0
6	111877657	111927480	2
6	111927481	111981534	0
6	111981535	112194654	2
6	112194655	112375274	0
6	112375275	112391979	1
6	112391980	112392170	3
6	112392171	112408715	2
6	112408716	112408801	0
6	112408802	112423992	1
6	112423993	112429962	0
6	112429963	112576140	2
6	112576141	112668531	0
6	112668532	112672497	1
6	112672498	114178540	0
6	114178541	114184647	1
6	114184648	114254191	0
6	114254192	114332471	2
6	114332472	114376749	0
6	114376750	114664208	2
6	114664209	116252311	0
6	116252312	116381920	2
6	116381921	116422011	0
6	116422012	116440085	1
6	116440086	116447295	3
6	116447296	116570659	1
6	116570660	116571150	0
6	116571151	116575260	2
6	116575261	116575335	0
6	116575336	116597740	1
6	116597741	116601065	3
6	116601066	116762423	1
6	116762424	116782532	0
6	116782533	116784933	1
6	116784934	116816151	0
6	116816152	116832808	2
6	116832809	116833505	3
6	116833506	116850173	2
6	116850174	116866772	3
6	116866773	116880030	1
6	116880031	116892529	0
6	116892530	116918837	1
6	116918838	116937641	0
6	116937642	116954147	1
6	116954148	116956780	0
6	116956781	116989956	2
6	116989957	117002349	0
6	117002350	117063028	1
6	117063029	117073362	0
6	117073363	117086885	2
6	117086886	117113247	0
6	117113248	117150199	2
6	117150200	117198422	0
6	117198423	117253325	1
6	117253326	117586720	0
6	117586721	117594727	1
6	117594728	117609462	0
6	117609463	117747017	2
6	117747018	117803819	0
6	117803820	117881431	1
6	117881432	117891020	3
6	117891021	117923690	2
6	117923691	117996664	0
6	117996665	118031802	1
6	118031803	118228688	0
6	118228689	118638838	1
6	118638839	118781934	0
6	118781935	118869460	2
6	118869461	118881892	3
6	118881893	119031237	2
6	119031238	119134604	0
6	119134605	119215383	2
6	119215384	119230331	3
6	119230332	119256326	2
6	119256327	119280927	0
6	119280928	119470551	2
6	119470552	119498373	0
6	119498374	119670925	2
6	119670926	121401382	0
6	121401383	121655890	2
6	121655891	121756837	0
6	121756838	121770872	1
6	121770873	122720690	0
6	122720691	122754263	1
6	122754264	122764498	0
6	122764499	122792966	2
6	122792967	122793075	0
6	122793076	123047517	1
6	123047518	123100619	0
6	123100620	123105218	1
6	123105219	123110314	0
6	123110315	123130864	1
6	123130865	123317115	0
6	123317116	123394071	1
6	123394072	123537482	0
6	123537483	123958237	2
6	123958238	124125285	0
6	124125286	125146802	1
6	125146803	125283690	0
6	125283691	125413778	1
6	125413779	125440194	0
6	125440195	125585552	1
6	125585553	125596495	0
6	125596496	125623281	2
6	125623282	126068809	0
6	126068810	126082414	1
6	126082415	126102306	0
6	126102307	126252265	1
6	126252266	126277926	0
6	126277927	126301386	1
6	126301387	126307575	0
6	126307576	126360421	1
6	126360422	126661319	0
6	126661320	126670020	1
6	126670021	127439748	0
6	127439749	127518909	1
6	127518910	127587754	0
6	127587755	127609711	1
6	127609712	127609854	0
6	127609855	127664753	2
6	127664754	127759550	0
6	127759551	127840499	2
6	127840500	127898318	0
6	127898319	127912961	1
6	127912962	128029216	0
6	128029217	128239775	2
6	128239776	128289923	0
6	128289924	128841869	2
6	128841870	129204341	0
6	129204342	129837713	1
6	129837714	129897276	0
6	129897277	130031369	2
6	130031370	130152388	0
6	130152389	130182691	2
6	130182692	130334843	0
6	130334844	130462593	1
6	130462594	130465459	0
6	130465460	130686569	2
6	130686570	130686878	0
6	130686879	130764207	1
6	130764208	131148545	0
6	131148546	131158274	1
6	131158275	131160486	0
6	131160487	131384461	2
6	131384462	131456805	0
6	131456806	131604674	1
6	131604675	131894283	0
6	131894284	131895105	1
6	131895106	131905471	3
6	131905472	131949368	2
6	131949369	131949600	0
6	131949601	132021519	1
6	132021520	132022634	3
6	132022635	132029580	1
6	132029581	132032205	3
6	132032206	132068552	1
6	132068553	132129155	0
6	132129156	132216294	1
6	132216295	132269315	0
6	132269316	132272512	2
6	132272513	132617193	0
6	132617194	132722683	2
6	132722684	132767005	0
6	132767006	132834336	2
6	132834337	132873831	0
6	132873832	132874859	1
6	132874860	132891460	0
6	132891461	132892497	1
6	132892498	132909730	0
6	132909731	132910876	2
6	132910877	132938160	0
6	132938161	132945413	2
6	132945414	132966122	0
6	132966123	132967141	2
6	132967142	133002728	0
6	133002729	133035187	2
6	133035188	133043925	0
6	133043926	133055903	2
6	133055904	133065008	0
6	133065009	133084597	2
6	133084598	133090508	0
6	133090509	133119700	2
6	133119701	133135579	0
6	133135580	133138702	1
6	133138703	133561735	0
6	133561736	133853257	1
6	133853258	134210275	0
6	134210276	134216690	1
6	134216691	134273307	0
6	134273308	134309834	1
6	134309835	134311569	3
6	134311570	134373773	2
6	134373774	134490383	0
6	134490384	134639249	2
6	134639250	135238527	0
6	135238528	135271259	2
6	135271260	135281515	0
6	135281516	135424193	2
6	135424194	135502452	0
6	135502453	135540310	1
6	135540311	135604669	0
6	135604670	135818913	2
6	135818914	136172833	0
6	136172834	136516711	1
6	136516712	136552161	0
6	136552162	136571461	2
6	136571462	136578000	0
6	136578001	136610988	2
6	136610989	136663874	0
6	136663875	136871956	2
6	136871957	136878184	0
6	136878185	137113655	2
6	137113656	137143716	0
6	137143717	137235074	1
6	137235075	137243401	0
6	137243402	137246776	1
6	137246777	137321107	0
6	137321108	137366297	2
6	137366298	137464967	0
6	137464968	137494784	2
6	137494785	137518620	0
6	137518621	137540585	2
6	137540586	137813335	0
6	137813336	137815530	2
6	137815531	138188350	0
6	138188351	138204448	1
6	138204449	138409641	0
6	138409642	138428647	2
6	138428648	138483057	0
6	138483058	138537128	1
6	138537129	138539626	3
6	138539627	138665799	1
6	138665800	138699041	0
6	138699042	138704211	1
6	138704212	138724667	0
6	138724668	138743179	1
6	138743180	138743333	3
6	138743334	139013707	2
6	139013708	139094656	0
6	139094657	139114455	1
6	139114456	139117062	0
6	139117063	139224629	1
6	139224630	139225206	3
6	139225207	139309397	2
6	139309398	139349818	0
6	139349819	139364438	1
6	139364439	139456248	0
6	139456249	139501938	1
6	139501939	139561197	0
6	139561198	139613275	2
6	139613276	139693392	0
6	139693393	139695756	2
6	139695757	142396744	0
6	142396745	142409935	2
6	142409936	142454226	0
6	142454227	142456287	1
6	142456288	142468366	0
6	142468367	142545825	1
6	142545826	142622990	0
6	142622991	142767402	1
6	142767403	143072603	0
6	143072604	143266337	2
6	143266338	143381632	0
6	143381633	143661440	1
6	143661441	143743968	0
6	143743969	143759574	2
6	143759575	143763113	3
6	143763114	143771809	2
6	143771810	143771943	0
6	143771944	143811146	1
6	143811147	143815947	0
6	143815948	143832826	2
6	143832827	143857981	0
6	143857982	144152321	1
6	144152322	144164480	0
6	144164481	144184948	1
6	144184949	144185572	0
6	144185573	144259482	1
6	144259483	144261436	0
6	144261437	144385734	2
6	144385735	144416017	0
6	144416018	144416753	2
6	144416754	144471662	0
6	144471663	144509506	1
6	144509507	144606836	0
6	144606837	145174169	1
6	145174170	145822718	0
6	145822719	146057159	2
6	146057160	146114637	0
6	146114638	146135888	2
6	146135889	146185380	0
6	146185381	146285524	2
6	146285525	146348781	0
6	146348782	146758733	1
6	146758734	146864828	0
6	146864829	146876100	1
6	146876101	146920100	0
6	146920101	147136597	1
6	147136598	147525560	0
6	147525561	147706865	1
6	147706866	147830062	0
6	147830063	148058682	1
6	148058683	148593439	0
6	148593440	148873185	1
6	148873186	149068463	0
6	149068464	149398125	1
6	149398126	149539776	0
6	149539777	149732748	1
6	149732749	149768950	0
6	149768951	149806196	2
6	149806197	149825868	0
6	149825869	149867173	2
6	149867174	149887429	0
6	149887430	149912883	1
6	149912884	149916008	0
6	149916009	149970107	2
6	149970108	149979288	0
6	149979289	150039391	2
6	150039392	150045450	0
6	150045451	150067813	2
6	150067814	150070578	0
6	150070579	150132555	1
6	150132556	150139933	0
6	150139934	150186198	2
6	150186199	150204510	0
6	150204511	150219237	2
6	150219238	150238013	0
6	150238014	150244256	2
6	150244257	150263135	0
6	150263136	150270370	1
6	150270371	150285142	0
6	150285143	150294845	1
6	150294846	150339469	0
6	150339470	150346667	2
6	150346668	150384285	0
6	150384286	150390230	2
6	150390231	150464211	0
6	150464212	150571492	1
6	150571493	150690027	0
6	150690028	150727104	1
6	150727105	150920998	0
6	150920999	151164798	1
6	151164799	151186684	0
6	151186685	151423022	1
6	151423023	151561133	0
6	151561134	151679691	1
6	151679692	151685251	0
6	151685252	151712682	2
6	151712683	151725988	0
6	151725989	151773258	2
6	151773259	151773421	0
6	151773422	151791235	1
6	151791236	151815164	0
6	151815165	151942327	1
6	151942328	152011630	0
6	152011631	152442818	1
6	152442819	152450753	3
6	152450754	152958935	2
6	152958936	153019029	0
6	153019030	153045701	1
6	153045702	153071932	0
6	153071933	153080899	1
6	153080900	153291663	0
6	153291664	153304713	2
6	153304714	153308496	0
6	153308497	153323819	2
6	153323820	153325593	0
6	153325594	153452383	2
6	153452384	153552454	0
6	153552455	153668622	1
6	153668623	154331630	0
6	154331631	154475743	1
6	154475744	154568000	3
6	154568001	154677925	2
6	154677926	154708637	0
6	154708638	154831792	2
6	154831793	155054458	0
6	155054459	155578642	1
6	155578643	155578856	3
6	155578857	155585146	2
6	155585147	155597681	3
6	155597682	155635617	2
6	155635618	155716503	0
6	155716504	155777036	2
6	155777037	157099062	0
6	157099063	157531912	1
6	157531913	157710417	0
6	157710418	157744632	2
6	157744633	157802164	0
6	157802165	158099177	1
6	158099178	158244295	0
6	158244296	158366108	1
6	158366109	158402887	0
6	158402888	158520207	1
6	158520208	158530535	0
6	158530536	158589311	2
6	158589312	158589383	0
6	158589384	158620375	1
6	158620376	158733691	0
6	158733692	158932859	1
6	158932860	158957467	0
6	158957468	159056459	1
6	159056460	159057505	0
6	159057506	159065770	2
6	159065771	159071045	0
6	159071046	159185907	1
6	159185908	159186772	0
6	159186773	159240443	2
6	159240444	159290970	0
6	159290971	159331384	1
6	159331385	159393902	0
6	159393903	159421218	2
6	159421219	159455499	0
6	159455500	159466183	2
6	159466184	159590428	0
6	159590429	159693140	1
6	159693141	160090088	0
6	160090089	160146616	2
6	160146617	160177350	3
6	160177351	160181359	2
6	160181360	160183560	3
6	160183561	160199529	1
6	160199530	160200086	3
6	160200087	160200143	1
6	160200144	160210780	2
6	160210781	160211497	0
6	160211498	160219467	1
6	160219468	160221300	0
6	160221301	160241734	1
6	160241735	160327973	0
6	160327974	160329107	1
6	160329108	160390130	0
6	160390131	160527582	1
6	160527583	160542820	0
6	160542821	160579749	1
6	160579750	160637793	0
6	160637794	160698669	2
6	160698670	160769299	0
6	160769300	160876013	1
6	160876014	160952514	0
6	160952515	161087406	2
6	161087407	161123269	0
6	161123270	161174337	1
6	161174338	161412758	0
6	161412759	161538416	1
6	161538417	161551010	0
6	161551011	161695092	2
6	161695093	161768451	0
6	161768452	163148163	2
6	163148164	163148802	3
6	163148803	163586445	1
6	163586446	163612839	3
6	163612840	163736523	1
6	163736524	163835674	0
6	163835675	163999627	1
6	163999628	165693164	0
6	165693165	165723095	2
6	165723096	165740775	0
6	165740776	166075587	2
6	166075588	166307329	0
6	166307330	166309724	2
6	166309725	166571143	0
6	166571144	166582187	2
6	166582188	166719167	0
6	166719168	166721935	2
6	166721936	166733215	0
6	166733216	166756078	2
6	166756079	166778406	0
6	166778407	166796485	2
6	166796486	166822851	0
6	166822852	166945368	2
6	166945369	166947708	3
6	166947709	167370671	2
6	167370672	167412669	0
6	167412670	167466200	1
6	167466201	167525294	0
6	167525295	167553183	1
6	167553184	167562967	0
6	167562968	167569758	1
6	167569759	167571816	3
6	167571817	167596395	1
6	167596396	167684656	0
6	167684657	167729506	1
6	167729507	167738573	0
6	167738574	167755374	1
6	167755375	167770653	0
6	167770654	167797997	2
6	167797998	168187499	0
6	168187500	168196209	2
6	168196210	168197525	3
6	168197526	168198926	1
6	168198927	168227601	0
6	168227602	168372702	1
6	168372703	168399771	0
6	168399772	168445768	1
6	168445769	168456424	0
6	168456425	168482236	2
6	168482237	168693509	0
6	168693510	168720433	2
6	168720434	168841830	0
6	168841831	169068673	1
6	169068674	169615874	0
6	169615875	169654138	2
6	169654139	169857306	0
6	169857307	170102158	2
6	170102159	170102232	0
6	170102233	170104000	1
6	170104001	170106400	3
6	170106401	170124150	2
6	170124151	170140209	0
6	170140210	170151654	2
6	170151655	170151717	0
6	170151718	170181679	1
6	170181680	170591293	0
6	170591294	170599560	2
6	170599561	170599790	0
6	170599791	170716152	1
6	170716153	170844204	0
6	170844205	170862428	2
6	170862429	170863389	0
6	170863390	170881957	1
6	170881958	170884382	0
6	170884383	170893747	2
