<CHROM>	<START>	<END>	<TSB>
X	0	192988	0
X	192989	220022	1
X	220023	220024	0
X	220025	230885	2
X	230886	294697	0
X	294698	347444	2
X	347445	585078	0
X	585079	620145	1
X	620146	1314889	0
X	1314890	1331529	2
X	1331530	1387692	0
X	1387693	1429273	1
X	1429274	1455508	0
X	1455509	1501577	1
X	1501578	1505044	0
X	1505045	1511616	2
X	1511617	1522031	0
X	1522032	1572654	2
X	1572655	1581464	0
X	1581465	1655999	2
X	1656000	1710485	0
X	1710486	1721406	1
X	1721407	1733893	0
X	1733894	1761973	1
X	1761974	2137556	0
X	2137557	2419018	2
X	2419019	2609219	0
X	2609220	2659349	1
X	2659350	2670090	0
X	2670091	2734538	1
X	2734539	2746828	0
X	2746829	2800858	1
X	2800859	2822010	0
X	2822011	2847391	2
X	2847392	2852698	0
X	2852699	2886285	2
X	2886286	2924653	0
X	2924654	2951611	1
X	2951612	2959511	0
X	2959512	3030766	1
X	3030767	3189860	0
X	3189861	3202693	1
X	3202694	3226605	0
X	3226606	3264681	2
X	3264682	3522410	0
X	3522411	3631648	2
X	3631649	3735568	0
X	3735569	3761897	2
X	3761898	5808066	0
X	5808067	6146903	2
X	6146904	6451658	0
X	6451659	6453158	2
X	6453159	6966960	0
X	6966961	7066230	2
X	7066231	7137496	0
X	7137497	7272850	1
X	7272851	7810302	0
X	7810303	7812183	1
X	7812184	7866287	0
X	7866288	7895779	2
X	7895780	8137988	0
X	8137989	8139307	2
X	8139308	8432870	0
X	8432871	8434549	1
X	8434550	8496914	0
X	8496915	8700226	2
X	8700227	8758835	0
X	8758836	8769423	2
X	8769424	8992272	0
X	8992273	9002167	2
X	9002168	9431334	0
X	9431335	9687779	1
X	9687780	9693385	0
X	9693386	9754336	2
X	9754337	9754495	0
X	9754496	9917482	1
X	9917483	9935391	0
X	9935392	9936133	1
X	9936134	9983601	0
X	9983602	10112517	1
X	10112518	10125023	0
X	10125024	10205699	1
X	10205700	10413349	0
X	10413350	10851772	2
X	10851773	11129420	0
X	11129421	11136238	1
X	11136239	11141197	3
X	11141198	11311532	2
X	11311533	11318872	3
X	11318873	11683820	2
X	11683821	11776277	0
X	11776278	11793869	1
X	11793870	12156584	0
X	12156585	12742641	1
X	12742642	12809473	0
X	12809474	12842340	1
X	12842341	12885201	0
X	12885202	12908498	1
X	12908499	12924738	0
X	12924739	12941287	1
X	12941288	12993226	0
X	12993227	12995345	1
X	12995346	13053736	0
X	13053737	13062800	2
X	13062801	13336769	0
X	13336770	13338517	2
X	13338518	13587723	0
X	13587724	13651693	1
X	13651694	13671224	0
X	13671225	13683527	1
X	13683528	13707243	0
X	13707244	13728624	1
X	13728625	13730362	0
X	13730363	13752753	2
X	13752754	13752831	0
X	13752832	13787479	1
X	13787480	13789149	0
X	13789150	13956756	2
X	13956757	14026397	0
X	14026398	14048011	2
X	14048012	14547419	0
X	14547420	14749933	1
X	14749934	14861528	0
X	14861529	14891190	2
X	14891191	14891562	0
X	14891563	14940448	1
X	14940449	15253409	0
X	15253410	15288588	2
X	15288589	15298052	0
X	15298053	15333777	2
X	15333778	15337572	0
X	15337573	15353675	2
X	15353676	15363712	0
X	15363713	15402497	2
X	15402498	15402920	0
X	15402921	15482368	2
X	15482369	15511463	3
X	15511464	15511686	2
X	15511687	15574651	1
X	15574652	15579155	0
X	15579156	15620191	2
X	15620192	15645440	0
X	15645441	15683153	2
X	15683154	15706952	0
X	15706953	15805746	1
X	15805747	15808594	0
X	15808595	15841382	1
X	15841383	15843928	0
X	15843929	15873053	2
X	15873054	16141678	0
X	16141679	16171143	1
X	16171144	16185603	0
X	16185604	16189586	1
X	16189587	16606125	0
X	16606126	16668280	2
X	16668281	16672792	3
X	16672793	16731058	2
X	16731059	16737754	0
X	16737755	16783458	1
X	16783459	16804549	0
X	16804550	16857405	1
X	16857406	16862641	3
X	16862642	16888536	2
X	16888537	16964813	0
X	16964814	17171394	1
X	17171395	17393542	0
X	17393543	17754113	1
X	17754114	17755587	0
X	17755588	17773104	1
X	17773105	17818168	0
X	17818169	17879456	2
X	17879457	18181050	0
X	18181051	18239023	2
X	18239024	18257433	0
X	18257434	18372846	2
X	18372847	18443702	0
X	18443703	18658029	1
X	18658030	18671748	3
X	18671749	18690228	2
X	18690229	18709031	0
X	18709032	18846038	1
X	18846039	18910417	0
X	18910418	19002715	2
X	19002716	19007426	0
X	19007427	19140754	2
X	19140755	19362010	0
X	19362011	19378173	1
X	19378174	19379822	3
X	19379823	19533378	2
X	19533379	19552092	0
X	19552093	19905718	2
X	19905719	19930977	0
X	19930978	19988415	2
X	19988416	20024830	0
X	20024831	20135034	2
X	20135035	20142635	0
X	20142636	20159961	2
X	20159962	20168028	0
X	20168029	20285522	2
X	20285523	21392535	0
X	21392536	21672812	1
X	21672813	21673608	0
X	21673609	21676447	2
X	21676448	21724089	0
X	21724090	21776280	2
X	21776281	21857753	0
X	21857754	21903541	1
X	21903542	21958690	0
X	21958691	22025797	1
X	22025798	22050558	0
X	22050559	22269426	1
X	22269427	22291064	0
X	22291065	22292573	1
X	22292574	23018086	0
X	23018087	23020203	1
X	23020204	23352132	0
X	23352133	23422488	1
X	23422489	23682378	0
X	23682379	23704515	1
X	23704516	23720369	0
X	23720370	23784591	2
X	23784592	23801289	0
X	23801290	23804342	1
X	23804343	23851469	0
X	23851470	23925917	2
X	23925918	23926050	3
X	23926051	23926056	2
X	23926057	23957623	1
X	23957624	24001836	0
X	24001837	24045302	2
X	24045303	24072832	0
X	24072833	24096087	1
X	24096088	24167745	0
X	24167746	24234371	1
X	24234372	24483337	0
X	24483338	24557953	1
X	24557954	24576203	0
X	24576204	24690793	2
X	24690794	24712035	0
X	24712036	25015102	1
X	25015103	25021810	0
X	25021811	25034064	2
X	25034065	26156459	0
X	26156460	26158851	1
X	26158852	26210556	0
X	26210557	26213762	1
X	26213763	26234285	0
X	26234286	26236386	1
X	26236387	27608499	0
X	27608500	27766907	1
X	27766908	27826106	0
X	27826107	27841130	1
X	27841131	27996109	0
X	27996110	27999565	2
X	27999566	28605515	0
X	28605516	29974839	1
X	29974840	30233676	0
X	30233677	30238205	1
X	30238206	30248552	0
X	30248553	30255606	1
X	30255607	30260056	0
X	30260057	30270154	1
X	30270155	30322322	0
X	30322323	30327714	2
X	30327715	30576940	0
X	30576941	30595960	2
X	30595961	30671475	0
X	30671476	30748724	1
X	30748725	30845558	0
X	30845559	30993200	2
X	30993201	31089359	0
X	31089360	31090169	2
X	31090170	31137335	0
X	31137336	33357557	2
X	33357558	34147868	0
X	34147869	34150446	2
X	34150447	34645180	0
X	34645181	34675404	2
X	34675405	34960912	0
X	34960913	34963033	1
X	34963034	35816458	0
X	35816459	35821851	1
X	35821852	35937850	0
X	35937851	36008263	1
X	36008264	36053907	0
X	36053908	36163186	1
X	36163187	36246734	0
X	36246735	36403430	1
X	36403431	37026431	0
X	37026432	37029738	1
X	37029739	37208527	0
X	37208528	37696009	1
X	37696010	37706766	3
X	37706767	38008588	1
X	38008589	38080176	3
X	38080177	38128415	1
X	38128416	38186816	3
X	38186817	38548166	1
X	38548167	38660684	0
X	38660685	38665789	1
X	38665790	39909067	0
X	39909068	40036581	2
X	40036582	40440145	0
X	40440146	40465888	1
X	40465889	40488284	0
X	40488285	40506818	2
X	40506819	40507557	0
X	40507558	40594782	2
X	40594783	40944887	0
X	40944888	41095831	1
X	41095832	41192650	0
X	41192651	41209461	1
X	41209462	41306686	0
X	41306687	41334962	1
X	41334963	41374186	0
X	41374187	41548225	2
X	41548226	41556525	3
X	41556526	41583407	2
X	41583408	41589387	3
X	41589388	41782715	2
X	41782716	43515466	0
X	43515467	43606067	1
X	43606068	43625857	0
X	43625858	43741692	2
X	43741693	43808021	0
X	43808022	43832749	2
X	43832750	44007910	0
X	44007911	44202917	2
X	44202918	44382884	0
X	44382885	44402246	2
X	44402247	44703248	0
X	44703249	44704129	1
X	44704130	44732756	0
X	44732757	44971846	1
X	44971847	45007618	0
X	45007619	45060145	2
X	45060146	46306291	0
X	46306292	46356856	1
X	46356857	46357161	0
X	46357162	46404875	2
X	46404876	46433218	0
X	46433219	46457842	1
X	46457843	46464752	0
X	46464753	46618489	2
X	46618490	46696374	0
X	46696375	46741792	1
X	46741793	46746851	0
X	46746852	46759137	2
X	46759138	46771710	0
X	46771711	46920640	1
X	46920641	46937774	0
X	46937775	46952711	1
X	46952712	47001614	0
X	47001615	47004267	2
X	47004268	47004902	3
X	47004903	47046211	1
X	47046212	47050259	0
X	47050260	47074526	1
X	47074527	47077631	0
X	47077632	47089395	1
X	47089396	47092088	0
X	47092089	47107726	1
X	47107727	47229981	0
X	47229982	47273703	1
X	47273704	47305277	0
X	47305278	47342344	2
X	47342345	47342969	0
X	47342970	47344206	1
X	47344207	47420515	0
X	47420516	47431298	1
X	47431299	47431302	0
X	47431303	47441711	2
X	47441712	47446187	3
X	47446188	47479251	2
X	47479252	47483612	0
X	47483613	47489703	2
X	47489704	47494919	0
X	47494920	47510002	2
X	47510003	47511196	0
X	47511197	47518559	2
X	47518560	47696300	0
X	47696301	47834249	1
X	47834250	47861959	3
X	47861960	47863376	2
X	47863377	47863733	0
X	47863734	47869125	1
X	47869126	47917570	0
X	47917571	47931024	2
X	47931025	47990038	0
X	47990039	47991994	1
X	47991995	48045655	0
X	48045656	48056198	2
X	48056199	48114751	0
X	48114752	48126878	1
X	48126879	48205862	0
X	48205863	48216141	2
X	48216142	48242862	0
X	48242863	48252784	1
X	48252785	48261523	0
X	48261524	48271343	2
X	48271344	48316919	0
X	48316920	48328643	2
X	48328644	48334548	0
X	48334549	48344751	1
X	48344752	48367349	0
X	48367350	48379201	1
X	48379202	48379545	0
X	48379546	48387103	1
X	48387104	48397844	0
X	48397845	48420996	1
X	48420997	48431481	0
X	48431482	48432911	2
X	48432912	48433274	3
X	48433275	48437453	1
X	48437454	48455865	0
X	48455866	48463580	1
X	48463581	48534984	0
X	48534985	48549817	1
X	48549818	48553944	0
X	48553945	48567402	1
X	48567403	48620153	0
X	48620154	48632061	1
X	48632062	48644961	0
X	48644962	48652715	1
X	48652716	48659783	0
X	48659784	48683385	1
X	48683386	48687282	0
X	48687283	48688547	1
X	48688548	48689503	0
X	48689504	48694034	2
X	48694035	48750729	0
X	48750730	48755194	2
X	48755195	48755425	3
X	48755426	48760418	1
X	48760419	48760458	0
X	48760459	48769234	2
X	48769235	48770458	0
X	48770459	48776300	2
X	48776301	48779304	0
X	48779305	48815647	2
X	48815648	48818638	0
X	48818639	48827975	2
X	48827976	48830133	0
X	48830134	48858674	2
X	48858675	48886241	0
X	48886242	48901011	2
X	48901012	48911100	0
X	48911101	48927508	1
X	48927509	48928812	0
X	48928813	48958058	2
X	48958059	48970333	0
X	48970334	48980150	2
X	48980151	49019060	0
X	49019061	49024821	1
X	49024822	49028272	0
X	49028273	49031150	1
X	49031151	49031587	3
X	49031588	49042844	2
X	49042845	49044268	0
X	49044269	49056717	2
X	49056718	49061522	0
X	49061523	49089832	2
X	49089833	49091926	0
X	49091927	49106896	1
X	49106897	49106986	3
X	49106987	49121287	2
X	49121288	49126305	0
X	49126306	49157928	1
X	49157929	49160147	0
X	49160148	49176322	1
X	49176323	49178535	0
X	49178536	49185862	1
X	49185863	49188093	0
X	49188094	49195365	1
X	49195366	49197606	0
X	49197607	49204922	1
X	49204923	49207159	0
X	49207160	49214419	1
X	49214420	49216658	0
X	49216659	49223942	1
X	49223943	49226181	0
X	49226182	49233480	1
X	49233481	49235707	0
X	49235708	49242996	1
X	49242997	49294471	0
X	49294472	49294587	1
X	49294588	49296813	0
X	49296814	49304140	1
X	49304141	49306369	0
X	49306370	49313696	1
X	49313697	49315935	0
X	49315936	49323251	1
X	49323252	49325478	0
X	49325479	49332807	1
X	49332808	49335036	0
X	49335037	49342356	1
X	49342357	49344585	0
X	49344586	49351903	1
X	49351904	49354131	0
X	49354132	49361429	1
X	49361430	49363664	0
X	49363665	49370957	1
X	49370958	49452052	0
X	49452053	49460595	2
X	49460596	49593862	0
X	49593863	49598575	1
X	49598576	49644469	0
X	49644470	49647165	1
X	49647166	49687224	0
X	49687225	49863891	1
X	49863892	49955405	0
X	49955406	49965663	2
X	49965664	49969415	0
X	49969416	50094908	1
X	50094909	50334646	0
X	50334647	50557301	2
X	50557302	50653783	0
X	50653784	50659606	1
X	50659607	51075082	0
X	51075083	51080376	1
X	51080377	51149766	0
X	51149767	51151686	1
X	51151687	51232862	0
X	51232863	51239447	2
X	51239448	51486480	0
X	51486481	51489323	1
X	51489324	51546102	0
X	51546103	51645452	1
X	51645453	51793955	0
X	51793956	51797350	2
X	51797351	51804922	0
X	51804923	51812367	2
X	51812368	51927918	0
X	51927919	51935363	1
X	51935364	51942962	0
X	51942963	51946357	1
X	51946358	52112172	0
X	52112173	52118822	1
X	52118823	52235227	0
X	52235228	52243953	1
X	52243954	52255218	0
X	52255219	52260362	2
X	52260363	52380350	0
X	52380351	52387000	2
X	52387001	52511760	0
X	52511761	52516904	1
X	52516905	52528158	0
X	52528159	52533302	2
X	52533303	52541052	0
X	52541053	52546196	2
X	52546197	52673139	0
X	52673140	52683949	2
X	52683950	52725945	0
X	52725946	52736238	2
X	52736239	52780317	0
X	52780318	52790616	1
X	52790617	52825183	0
X	52825184	52827140	2
X	52827141	52841227	0
X	52841228	52847324	1
X	52847325	52891556	0
X	52891557	52897098	2
X	52897099	52920335	0
X	52920336	52937586	1
X	52937587	52976461	0
X	52976462	53024643	2
X	53024644	53078272	0
X	53078273	53109796	1
X	53109797	53111548	0
X	53111549	53117721	1
X	53117722	53220502	0
X	53220503	53254603	2
X	53254604	53262057	0
X	53262058	53350521	2
X	53350522	53401069	0
X	53401070	53449638	2
X	53449639	53449676	3
X	53449677	53458058	1
X	53458059	53458205	0
X	53458206	53461319	2
X	53461320	53559056	0
X	53559057	53713672	2
X	53713673	53963108	0
X	53963109	54075390	2
X	54075391	54094756	0
X	54094757	54209713	2
X	54209714	54219255	0
X	54219256	54385074	2
X	54385075	54466833	0
X	54466834	54471886	1
X	54471887	54471919	3
X	54471920	54522598	2
X	54522599	54556643	0
X	54556644	54587503	1
X	54587504	54775331	0
X	54775332	54824672	2
X	54824673	54834031	0
X	54834032	54842444	1
X	54842445	54946894	0
X	54946895	54957863	1
X	54957864	54959393	0
X	54959394	55024966	2
X	55024967	55026789	0
X	55026790	55035487	1
X	55035488	55035489	3
X	55035490	55057496	2
X	55057497	55101495	0
X	55101496	55105341	1
X	55105342	55115440	0
X	55115441	55119274	1
X	55119275	55169534	0
X	55169535	55187742	2
X	55187743	55207823	0
X	55207824	55208943	2
X	55208944	55246787	0
X	55246788	55250540	1
X	55250541	55284847	0
X	55284848	55291278	2
X	55291279	55478537	0
X	55478538	55479997	1
X	55479998	55511048	0
X	55511049	55515634	2
X	55515635	55649832	0
X	55649833	55652620	1
X	55652621	55744171	0
X	55744172	55785206	1
X	55785207	56100756	0
X	56100757	56102013	1
X	56102014	56258869	0
X	56258870	56314321	1
X	56314322	56590025	0
X	56590026	56593442	1
X	56593443	57020603	0
X	57020604	57021968	2
X	57021969	57146114	0
X	57146115	57147979	2
X	57147980	57160962	0
X	57160963	57164057	2
X	57164058	57313138	0
X	57313139	57515628	1
X	57515629	57618268	0
X	57618269	57623905	1
X	57623906	57931863	0
X	57931864	57937066	2
X	57937067	62567106	0
X	62567107	62571222	2
X	62571223	62854846	0
X	62854847	63005425	2
X	63005426	63404996	0
X	63404997	63425623	2
X	63425624	63444075	0
X	63444076	63615332	2
X	63615333	64136249	0
X	64136250	64254592	2
X	64254593	64708614	0
X	64708615	64727766	1
X	64727767	64732461	0
X	64732462	64754635	2
X	64754636	64808256	0
X	64808257	64961790	1
X	64961791	65241579	0
X	65241580	65259966	2
X	65259967	65382390	0
X	65382391	65488708	1
X	65488709	65815478	0
X	65815479	65859107	2
X	65859108	66764464	0
X	66764465	66950460	1
X	66950461	67262185	0
X	67262186	67653646	2
X	67653647	67718164	0
X	67718165	67757126	1
X	67757127	67867510	0
X	67867511	67945681	1
X	67945682	68048839	0
X	68048840	68061989	1
X	68061990	68380693	0
X	68380694	68385635	2
X	68385636	68725083	0
X	68725084	68752350	1
X	68752351	68835910	0
X	68835911	69259318	1
X	69259319	69260391	0
X	69260392	69269787	2
X	69269788	69282340	0
X	69282341	69284028	1
X	69284029	69353298	0
X	69353299	69386173	1
X	69386174	69397332	0
X	69397333	69425394	1
X	69425395	69454504	0
X	69454505	69460476	1
X	69460477	69478015	0
X	69478016	69479653	2
X	69479654	69488154	0
X	69488155	69501689	1
X	69501690	69501942	0
X	69501943	69504851	1
X	69504852	69506444	0
X	69506445	69509828	2
X	69509829	69509878	0
X	69509879	69640681	1
X	69640682	69642880	0
X	69642881	69653239	1
X	69653240	69664710	0
X	69664711	69725336	1
X	69725337	69748789	0
X	69748790	70128580	2
X	70128581	70145431	0
X	70145432	70150974	2
X	70150975	70279095	0
X	70279096	70288272	2
X	70288273	70316046	0
X	70316047	70323384	1
X	70323385	70323836	0
X	70323837	70326454	2
X	70326455	70327253	0
X	70327254	70331957	2
X	70331958	70338405	0
X	70338406	70362302	1
X	70362303	70364680	0
X	70364681	70391050	1
X	70391051	70435043	0
X	70435044	70445365	1
X	70445366	70459473	0
X	70459474	70474995	2
X	70474996	70503041	0
X	70503042	70521017	1
X	70521018	70521583	0
X	70521584	70525220	1
X	70525221	70586113	0
X	70586114	70685854	1
X	70685855	70752932	0
X	70752933	70795746	1
X	70795747	70798260	0
X	70798261	70833432	1
X	70833433	70835765	0
X	70835766	70838366	2
X	70838367	71130937	0
X	71130938	71346957	1
X	71346958	71351757	3
X	71351758	71363423	1
X	71363424	71401525	0
X	71401526	71424509	1
X	71424510	71458896	3
X	71458897	71483813	1
X	71483814	71491891	0
X	71491892	71497149	2
X	71497150	71521487	0
X	71521488	71527036	2
X	71527037	71549365	0
X	71549366	71792952	2
X	71792953	71798663	0
X	71798664	71934166	2
X	71934167	71996971	0
X	71996972	72068635	1
X	72068636	72091858	0
X	72091859	72097697	2
X	72097698	72223351	0
X	72223352	72225550	1
X	72225551	72297114	0
X	72297115	72299350	2
X	72299351	72345875	0
X	72345876	72347918	2
X	72347919	72432134	0
X	72432135	72434683	2
X	72434684	72667089	0
X	72667090	72675080	1
X	72675081	72783035	0
X	72783036	72906936	1
X	72906937	73524024	0
X	73524025	73524867	1
X	73524868	73641084	0
X	73641085	73753751	1
X	73753752	73805051	0
X	73805052	73834451	2
X	73834452	73952683	0
X	73952684	74145281	2
X	74145282	74273114	0
X	74273115	74376566	2
X	74376567	74493922	0
X	74493923	74524434	1
X	74524435	74588261	0
X	74588262	74743336	2
X	74743337	75002822	0
X	75002823	75005078	2
X	75005079	75392770	0
X	75392771	75398038	1
X	75398039	75648045	0
X	75648046	75651743	1
X	75651744	76709647	0
X	76709648	76712768	1
X	76712769	76760355	0
X	76760356	77041701	2
X	77041702	77081860	0
X	77081861	77151089	2
X	77151090	77154934	0
X	77154935	77162869	1
X	77162870	77166193	0
X	77166194	77223457	1
X	77223458	77225134	3
X	77225135	77305891	1
X	77305892	77359670	0
X	77359671	77384792	1
X	77384793	77385244	0
X	77385245	77395202	2
X	77395203	77526960	0
X	77526961	77582979	2
X	77582980	77911565	0
X	77911566	77914824	2
X	77914825	78003224	0
X	78003225	78012590	1
X	78012591	78200828	0
X	78200829	78217450	1
X	78217451	78426468	0
X	78426469	78427725	1
X	78427726	78615880	0
X	78615881	78623048	2
X	78623049	79270254	0
X	79270255	79287267	1
X	79287268	79591002	0
X	79591003	79700809	1
X	79700810	79926352	0
X	79926353	80065186	2
X	80065187	80369199	0
X	80369200	80457440	2
X	80457441	80457441	0
X	80457442	80554045	1
X	80554046	82763268	0
X	82763269	82764774	1
X	82764775	83116153	0
X	83116154	83141704	1
X	83141705	83318983	0
X	83318984	83442932	2
X	83442933	83572881	0
X	83572882	83757486	2
X	83757487	84258831	0
X	84258832	84343068	1
X	84343069	84347292	0
X	84347293	84364053	2
X	84364054	84498996	0
X	84498997	84528367	1
X	84528368	84532401	0
X	84532402	84634747	2
X	84634748	85116184	0
X	85116185	85302565	2
X	85302566	85403461	0
X	85403462	86087604	1
X	86087605	86772751	0
X	86772752	86925049	1
X	86925050	88002225	0
X	88002226	88009785	1
X	88009786	89176880	0
X	89176881	89177881	1
X	89177882	90689593	0
X	90689594	90693582	1
X	90693583	91034259	0
X	91034260	91878228	1
X	91878229	92925928	0
X	92925929	92928566	2
X	92928567	92929011	0
X	92929012	92967272	1
X	92967273	95939661	0
X	95939662	96859995	1
X	96859996	99546641	0
X	99546642	99665270	2
X	99665271	99839798	0
X	99839799	99854881	1
X	99854882	99883666	0
X	99883667	99891802	2
X	99891803	99899214	0
X	99899215	99926295	1
X	99926296	99929487	0
X	99929488	99987107	2
X	99987108	100075383	0
X	100075384	100095920	1
X	100095921	100098312	0
X	100098313	100129333	2
X	100129334	100168430	0
X	100168431	100184421	2
X	100184422	100224699	0
X	100224700	100245794	1
X	100245795	100264334	0
X	100264335	100307104	2
X	100307105	100333708	0
X	100333709	100351352	1
X	100351353	100353177	0
X	100353178	100418669	1
X	100418670	100474757	0
X	100474758	100519485	1
X	100519486	100523240	0
X	100523241	100548058	2
X	100548059	100600648	0
X	100600649	100604183	2
X	100604184	100604434	0
X	100604435	100641182	2
X	100641183	100645811	0
X	100645812	100652790	1
X	100652791	100662912	3
X	100662913	100669120	1
X	100669121	100743030	0
X	100743031	100750793	1
X	100750794	100805513	0
X	100805514	100809682	1
X	100809683	100870109	0
X	100870110	100872990	2
X	100872991	100877786	0
X	100877787	100882832	1
X	100882833	100910266	0
X	100910267	100914875	2
X	100914876	101087084	0
X	101087085	101112548	2
X	101112549	101137261	0
X	101137262	101187003	2
X	101187004	101380659	0
X	101380660	101382682	1
X	101382683	101395447	0
X	101395448	101397941	2
X	101397942	101408679	0
X	101408680	101411028	2
X	101411029	101470279	0
X	101470280	101581633	1
X	101581634	101615315	0
X	101615316	101726731	2
X	101726732	101768603	0
X	101768604	101771711	2
X	101771712	101854095	0
X	101854096	101859086	1
X	101859087	101906293	0
X	101906294	101914010	1
X	101914011	101967103	0
X	101967104	101973606	1
X	101973607	101975641	0
X	101975642	102008467	1
X	102008468	102192199	0
X	102192200	102193227	1
X	102193228	102317578	0
X	102317579	102319167	2
X	102319168	102330737	0
X	102330738	102348156	2
X	102348157	102470019	0
X	102470020	102472173	1
X	102472174	102507922	0
X	102507923	102510130	2
X	102510131	102528618	0
X	102528619	102531799	2
X	102531800	102564273	0
X	102564274	102565973	2
X	102565974	102585123	0
X	102585124	102587253	1
X	102587254	102611372	0
X	102611373	102613396	1
X	102613397	102631267	0
X	102631268	102633004	1
X	102633005	102754677	0
X	102754678	102774416	2
X	102774417	102831158	0
X	102831159	102842656	1
X	102842657	102862378	0
X	102862379	102864854	1
X	102864855	102883631	0
X	102883632	102885880	1
X	102885881	102930423	0
X	102930424	102943085	2
X	102943086	102962151	0
X	102962152	102965836	2
X	102965837	102968955	3
X	102968956	102983551	2
X	102983552	103028646	0
X	103028647	103047547	1
X	103047548	103077251	0
X	103077252	103087157	2
X	103087158	103173478	0
X	103173479	103229569	1
X	103229570	103265718	0
X	103265719	103268258	2
X	103268259	103268268	0
X	103268269	103297020	1
X	103297021	103343897	0
X	103343898	103357201	2
X	103357202	103360294	3
X	103360295	103401707	2
X	103401708	103411300	0
X	103411301	103440582	1
X	103440583	103494718	0
X	103494719	103499613	2
X	103499614	103810995	0
X	103810996	104463610	1
X	104463611	104465357	3
X	104465358	105011821	1
X	105011822	105066535	0
X	105066536	105202601	1
X	105202602	105277196	0
X	105277197	105282728	2
X	105282729	105412297	0
X	105412298	105452948	1
X	105452949	105855159	0
X	105855160	105922671	1
X	105922672	105937023	0
X	105937024	106040222	1
X	106040223	106045909	0
X	106045910	106057100	1
X	106057101	106119374	3
X	106119375	106143393	2
X	106143394	106174088	3
X	106174089	106243473	2
X	106243474	106307649	0
X	106307650	106362056	2
X	106362057	106366656	0
X	106366657	106449669	2
X	106449670	106449861	0
X	106449862	106487472	1
X	106487473	106765679	0
X	106765680	106848480	1
X	106848481	106871736	0
X	106871737	106894255	1
X	106894256	106956450	0
X	106956451	107020571	2
X	107020572	107020962	0
X	107020963	107037911	1
X	107037912	107068984	0
X	107068985	107170422	1
X	107170423	107224093	0
X	107224094	107225599	2
X	107225600	107288199	0
X	107288200	107322413	1
X	107322414	107327436	0
X	107327437	107334847	2
X	107334848	107334897	0
X	107334898	107386779	1
X	107386780	107397900	3
X	107397901	107682701	2
X	107682702	107683111	0
X	107683112	107940774	1
X	107940775	107965299	0
X	107965300	107979650	2
X	107979651	108616134	0
X	108616135	108725300	2
X	108725301	108779009	0
X	108779010	108787918	1
X	108787919	108866928	0
X	108866929	108868392	2
X	108868393	108884565	0
X	108884566	108976631	2
X	108976632	109245862	0
X	109245863	109421015	1
X	109421016	109437413	0
X	109437414	109602043	2
X	109602044	109683460	3
X	109683461	109699561	1
X	109699562	109917083	0
X	109917084	110039285	2
X	110039286	110187512	0
X	110187513	110470588	1
X	110470589	110488330	0
X	110488331	110513750	2
X	110513751	110537006	0
X	110537007	110655602	2
X	110655603	110924345	0
X	110924346	111003876	1
X	111003877	111017542	0
X	111017543	111326003	2
X	111326004	111697726	0
X	111697727	111700472	1
X	111700473	111873875	0
X	111873876	111923374	2
X	111923375	112017730	0
X	112017731	112084042	2
X	112084043	113818550	0
X	113818551	114144623	1
X	114144624	114238537	0
X	114238538	114253535	2
X	114253536	114345184	0
X	114345185	114423962	2
X	114423963	114427430	3
X	114427431	114468634	2
X	114468635	114524292	0
X	114524293	114542120	1
X	114542121	114795508	0
X	114795509	114885180	1
X	114885181	114952649	0
X	114952650	114953668	2
X	114953669	115301974	0
X	115301975	115306224	1
X	115306225	115567789	0
X	115567790	115592624	1
X	115592625	115592848	0
X	115592849	115594163	2
X	115594164	117031775	0
X	117031776	117251302	2
X	117251303	117480035	0
X	117480036	117583923	1
X	117583924	117629860	0
X	117629861	117820125	1
X	117820126	117861534	0
X	117861535	117928501	1
X	117928502	117957752	0
X	117957753	117960930	1
X	117960931	118108580	0
X	118108581	118152317	1
X	118152318	118212597	0
X	118212598	118284541	2
X	118284542	118370215	0
X	118370216	118378428	1
X	118378429	118533022	0
X	118533023	118588440	1
X	118588441	118602362	0
X	118602363	118605281	1
X	118605282	118672111	0
X	118672112	118699396	2
X	118699397	118708500	0
X	118708501	118718380	1
X	118718381	118722299	0
X	118722300	118739857	2
X	118739858	118749686	0
X	118749687	118827332	2
X	118827333	118892575	0
X	118892576	118894163	1
X	118894164	118920468	0
X	118920469	118925605	2
X	118925606	118967984	0
X	118967985	118986960	2
X	118986961	119004496	0
X	119004497	119005449	2
X	119005450	119005790	3
X	119005791	119010624	1
X	119010625	119029799	0
X	119029800	119054678	1
X	119054679	119059017	0
X	119059018	119077734	2
X	119077735	119205847	0
X	119205848	119211706	2
X	119211707	119243010	0
X	119243011	119249846	2
X	119249847	119292466	0
X	119292467	119297944	1
X	119297945	119384606	0
X	119384607	119392252	1
X	119392253	119392504	0
X	119392505	119445410	2
X	119445411	119495966	0
X	119495967	119516225	1
X	119516226	119561681	0
X	119561682	119603219	2
X	119603220	119658463	0
X	119658464	119709648	2
X	119709649	119737834	0
X	119737835	119746333	1
X	119746334	119759647	0
X	119759648	119764004	2
X	119764005	120006456	0
X	120006457	120009778	2
X	120009779	120011343	0
X	120011344	120066150	2
X	120066151	120067699	0
X	120067700	120071011	2
X	120071012	120072560	0
X	120072561	120075872	2
X	120075873	120077420	0
X	120077421	120080732	2
X	120080733	120082281	0
X	120082282	120085593	2
X	120085594	120087141	0
X	120087142	120090453	2
X	120090454	120092018	0
X	120092019	120100197	2
X	120100198	120101745	0
X	120101746	120105057	2
X	120105058	120106605	0
X	120106606	120109917	2
X	120109918	120111459	0
X	120111460	120119641	2
X	120119642	120181461	0
X	120181462	120183793	1
X	120183794	122318005	0
X	122318006	122624765	1
X	122624766	122734411	0
X	122734412	122866905	2
X	122866906	122993573	0
X	122993574	123047828	1
X	123047829	123094061	0
X	123094062	123236505	1
X	123236506	123480193	0
X	123480194	123507004	1
X	123507005	123509752	0
X	123509753	124097665	2
X	124097666	125298336	0
X	125298337	125300079	2
X	125300080	125683368	0
X	125683369	125686833	2
X	125686834	125953746	0
X	125953747	125955768	1
X	125955769	127184942	0
X	127184943	127186381	2
X	127186382	128580479	0
X	128580480	128657476	2
X	128657477	128674251	0
X	128674252	128726537	1
X	128726538	128779239	0
X	128779240	128788932	2
X	128788933	128872949	0
X	128872950	128903513	1
X	128903514	128913959	0
X	128913960	128929176	1
X	128929177	128937263	0
X	128937264	128977884	2
X	128977885	129040096	0
X	129040097	129063736	1
X	129063737	129116585	0
X	129116586	129192057	1
X	129192058	129198848	0
X	129198849	129244690	2
X	129244691	129263336	0
X	129263337	129299860	2
X	129299861	129305622	0
X	129305623	129318843	1
X	129318844	129336684	0
X	129336685	129402872	2
X	129402873	129473886	0
X	129473887	129507334	1
X	129507335	129518318	0
X	129518319	129519510	2
X	129519511	129535942	0
X	129535943	129547316	1
X	129547317	129757349	0
X	129757350	130037207	2
X	130037208	130192215	0
X	130192216	130223856	1
X	130223857	130407479	0
X	130407480	130533676	2
X	130533677	130677949	0
X	130677950	130679029	1
X	130679030	131157292	0
X	131157293	131209970	1
X	131209971	131211020	0
X	131211021	131262047	2
X	131262048	131337052	0
X	131337053	131353460	2
X	131353461	131503344	0
X	131503345	131623995	2
X	131623996	131760043	0
X	131760044	132095422	2
X	132095423	132158658	0
X	132158659	132231134	2
X	132231135	132350696	0
X	132350697	132352375	2
X	132352376	132434130	0
X	132434131	132549517	2
X	132549518	132669772	0
X	132669773	133119921	2
X	133119922	133371076	0
X	133371077	133380236	1
X	133380237	133507282	0
X	133507283	133562819	1
X	133562820	133594182	0
X	133594183	133634697	1
X	133634698	133699867	0
X	133699868	133792512	2
X	133792513	133903595	0
X	133903596	133930818	2
X	133930819	133931163	3
X	133931164	133931261	2
X	133931262	133988639	1
X	133988640	134021655	0
X	134021656	134049296	2
X	134049297	134124967	0
X	134124968	134126500	1
X	134126501	134154542	0
X	134154543	134156558	2
X	134156559	134166332	0
X	134166333	134167567	1
X	134167568	134184961	0
X	134184962	134186204	2
X	134186205	134290460	0
X	134290461	134305321	2
X	134305322	134419719	0
X	134419720	134478011	2
X	134478012	134478720	0
X	134478721	134497076	1
X	134497077	134654583	0
X	134654584	134716433	1
X	134716434	134847184	0
X	134847185	134857353	1
X	134857354	134866213	0
X	134866214	134874613	1
X	134874614	134883487	0
X	134883488	134891884	1
X	134891885	134928330	0
X	134928331	134953993	2
X	134953994	134962848	0
X	134962849	134971243	2
X	134971244	134971373	0
X	134971374	134995219	1
X	134995220	135044228	0
X	135044229	135056221	2
X	135056222	135067597	0
X	135067598	135129422	1
X	135129423	135229558	0
X	135229559	135293517	1
X	135293518	135295380	0
X	135295381	135338640	2
X	135338641	135383121	0
X	135383122	135519214	1
X	135519215	135570045	0
X	135570046	135575938	1
X	135575939	135579237	0
X	135579238	135594504	1
X	135594505	135614310	0
X	135614311	135638965	1
X	135638966	135730351	0
X	135730352	135742548	1
X	135742549	135747705	0
X	135747706	135864246	2
X	135864247	135951345	0
X	135951346	135962922	2
X	135962923	136112306	0
X	136112307	136113832	2
X	136113833	136648300	0
X	136648301	136659849	1
X	136659850	137713734	0
X	137713735	138304938	2
X	138304939	138612916	0
X	138612917	138645616	1
X	138645617	138663928	0
X	138663929	138790385	2
X	138790386	138808504	0
X	138808505	139015228	2
X	139015229	139037883	0
X	139037884	139047678	2
X	139047679	139585151	0
X	139585152	139587224	2
X	139587225	139791931	0
X	139791932	139796986	1
X	139796987	139865424	0
X	139865425	139866722	2
X	139866723	140084755	0
X	140084756	140085870	1
X	140085871	140096760	0
X	140096761	140097875	1
X	140097876	140269940	0
X	140269941	140271309	2
X	140271310	140335595	0
X	140335596	140336628	2
X	140336629	140671795	0
X	140671796	140673132	2
X	140673133	140677561	0
X	140677562	140678898	1
X	140678899	140785567	0
X	140785568	140786895	2
X	140786896	140926101	0
X	140926102	140985617	1
X	140985618	140991679	0
X	140991680	140997173	1
X	140997174	141290130	0
X	141290131	141293075	2
X	141293076	142113703	0
X	142113704	142122487	1
X	142122488	142596563	0
X	142596564	142605302	2
X	142605303	142710595	0
X	142710596	142723595	2
X	142723596	142795054	0
X	142795055	142804515	2
X	142804516	142967172	0
X	142967173	142968354	1
X	142968355	144328347	0
X	144328348	144337631	1
X	144337632	144899349	0
X	144899350	144907359	1
X	144907360	144908927	0
X	144908928	144911367	1
X	144911368	146993468	0
X	146993469	147032644	1
X	147032645	147062848	0
X	147062849	147108186	1
X	147108187	147582138	0
X	147582139	148082192	1
X	148082193	148558520	0
X	148558521	148615469	2
X	148615470	148621899	0
X	148621900	148632054	1
X	148632055	148663308	0
X	148663309	148669115	2
X	148669116	148674171	0
X	148674172	148676973	2
X	148676974	148678215	0
X	148678216	148713567	2
X	148713568	148769893	0
X	148769894	148798925	1
X	148798926	148855725	0
X	148855726	148858524	1
X	148858525	148863583	0
X	148863584	148869396	1
X	148869397	149009940	0
X	149009941	149014608	1
X	149014609	149097744	0
X	149097745	149107028	2
X	149107029	149531550	0
X	149531551	149682447	1
X	149682448	149737068	0
X	149737069	149841794	1
X	149841795	149861434	0
X	149861435	149933575	1
X	149933576	149934809	0
X	149934810	150067288	2
X	150067289	150148981	0
X	150148982	150159247	1
X	150159248	150345124	0
X	150345125	150349936	1
X	150349937	150565037	0
X	150565038	150577835	1
X	150577836	150732093	0
X	150732094	150845210	1
X	150845211	150863595	0
X	150863596	150874395	1
X	150874396	150884506	0
X	150884507	150891665	1
X	150891666	150906922	0
X	150906923	150913775	1
X	150913776	151080980	0
X	151080981	151093641	1
X	151093642	151121595	0
X	151121596	151143150	2
X	151143151	151301781	0
X	151301782	151307032	2
X	151307033	151334705	0
X	151334706	151619829	2
X	151619830	151806636	0
X	151806637	151825998	1
X	151825999	151867213	0
X	151867214	151870824	1
X	151870825	151883089	0
X	151883090	151887095	1
X	151887096	151899292	0
X	151899293	151903183	2
X	151903184	151903227	0
X	151903228	151909517	1
X	151909518	151918386	0
X	151918387	151922363	2
X	151922364	151934651	0
X	151934652	151938239	2
X	151938240	151995516	0
X	151995517	151999320	2
X	151999321	151999510	0
X	151999511	152038272	1
X	152038273	152082985	0
X	152082986	152142023	1
X	152142024	152157367	0
X	152157368	152162670	2
X	152162671	152224765	0
X	152224766	152228826	1
X	152228827	152240818	0
X	152240819	152243995	1
X	152243996	152245977	3
X	152245978	152340863	1
X	152340864	152341457	0
X	152341458	152343393	2
X	152343394	152481521	0
X	152481522	152486114	2
X	152486115	152599612	0
X	152599613	152618383	1
X	152618384	152683779	0
X	152683780	152687086	1
X	152687087	152710177	0
X	152710178	152751313	2
X	152751314	152752545	3
X	152752546	152760396	2
X	152760397	152760977	3
X	152760978	152775011	1
X	152775012	152783133	0
X	152783134	152848396	1
X	152848397	152853384	0
X	152853385	152865499	2
X	152865500	152907987	0
X	152907988	152916780	1
X	152916781	152935184	0
X	152935185	152953553	2
X	152953554	152954464	3
X	152954465	152962047	1
X	152962048	152965946	0
X	152965947	152990151	2
X	152990152	152990322	0
X	152990323	153010215	1
X	153010216	153029650	0
X	153029651	153051186	1
X	153051187	153051220	0
X	153051221	153058970	2
X	153058971	153059977	3
X	153059978	153063959	1
X	153063960	153067620	0
X	153067621	153095944	2
X	153095945	153126968	0
X	153126969	153146126	2
X	153146127	153151599	3
X	153151600	153151626	2
X	153151627	153154443	1
X	153154444	153170188	0
X	153170189	153172619	1
X	153172620	153172820	0
X	153172821	153193872	2
X	153193873	153194694	0
X	153194695	153200675	2
X	153200676	153200715	0
X	153200716	153210231	2
X	153210232	153213003	0
X	153213004	153237257	2
X	153237258	153237777	0
X	153237778	153248645	1
X	153248646	153275950	0
X	153275951	153285430	2
X	153285431	153287023	0
X	153287024	153363211	2
X	153363212	153409697	0
X	153409698	153424506	1
X	153424507	153424681	0
X	153424682	153445633	2
X	153445634	153448106	0
X	153448107	153461632	1
X	153461633	153461811	0
X	153461812	153482754	2
X	153482755	153485224	0
X	153485225	153498754	1
X	153498755	153498929	0
X	153498930	153523795	2
X	153523796	153524023	0
X	153524024	153558699	1
X	153558700	153576893	0
X	153576894	153603005	2
X	153603006	153607556	0
X	153607557	153609882	1
X	153609883	153625494	0
X	153625495	153629578	1
X	153629579	153630679	3
X	153630680	153631062	1
X	153631063	153632037	3
X	153632038	153633168	1
X	153633169	153637503	3
X	153637504	153639876	2
X	153639877	153640426	3
X	153640427	153640448	2
X	153640449	153650064	1
X	153650065	153656977	0
X	153656978	153664861	1
X	153664862	153665265	0
X	153665266	153671813	1
X	153671814	153672472	0
X	153672473	153679001	1
X	153679002	153686620	0
X	153686621	153701988	1
X	153701989	153706027	0
X	153706028	153707595	2
X	153707596	153712055	0
X	153712056	153715008	2
X	153715009	153715644	0
X	153715645	153719015	2
X	153719016	153733349	0
X	153733350	153744565	2
X	153744566	153759605	0
X	153759606	153769413	2
X	153769414	153775468	3
X	153775469	153775521	2
X	153775522	153775786	3
X	153775787	153796781	1
X	153796782	153813406	0
X	153813407	153815074	1
X	153815075	153845864	0
X	153845865	153847532	2
X	153847533	153880245	0
X	153880246	153881852	2
X	153881853	153903529	0
X	153903530	153979351	2
X	153979352	153991030	0
X	153991031	154005963	1
X	154005964	154006958	0
X	154006959	154049281	2
X	154049282	154051622	0
X	154051623	154060945	2
X	154060946	154064062	0
X	154064063	154113316	2
X	154113317	154113832	3
X	154113833	154114634	2
X	154114635	154116334	3
X	154116335	154254959	2
X	154254960	154255214	3
X	154255215	154288577	1
X	154288578	154289896	0
X	154289897	154299694	2
X	154299695	154349592	3
X	154349593	154376049	2
X	154376050	154425283	0
X	154425284	154468097	1
X	154468098	154487525	0
X	154487526	154493873	2
X	154493874	154505499	0
X	154505500	154563965	2
X	154563966	154610427	0
X	154610428	154610943	1
X	154610944	154611748	0
X	154611749	154613448	1
X	154613449	154686575	0
X	154686576	154688275	2
X	154688276	154689079	0
X	154689080	154689595	2
X	154689596	154719775	0
X	154719776	154842596	2
X	154842597	154997473	0
X	154997474	155012120	1
X	155012121	155110955	0
X	155110956	155173432	1
X	155173433	155227245	0
X	155227246	155240481	1
